  0    0    0    0    0    0    0    0    0    0    0    0    0    0    0    0    0    0    0    0    0    0    0    0    0    0    0    0    0    0    0    0    0    0    0    0    0    0    0    0    0    0    0    0    0    0    0    0    0    0    0    0    0    0    0    0    0    0    0    0    0    0    0    0    0    0    0    0    0    0    0    0    0    0    0    0    0    0    0    0    0    0    0    0    0    0    0    0    0    0    0    0    0    0    0    0    0    0    0    0    0    0    0    0    0    0    0    0    0    0    0    0    0    0    0    0    0    0    0    0 
  0    0    0    0    0    0    0    0    0    0    0    0    0    0    0    0    0    0    0    0    0    0    0    0    0    0    0    0    0    0    0    0    0    0    0    0    0    0    0    0    0    0    0    0    0    0    0    0    0    0    0    0    0    0    0    0    0    0    0    0    0    0    0    0    0    0    0    0    0    0    0    0    0    0    0    0    0    0    0    0    0    0    0    0    0    0    0    0    0    0    0    0    0    0    0    0    0    0    0    0    0    0    0    0    0    0    0    0    0    0    0    0    0    0    0    0    0    0    0    0 
  0    0    0    0    0    0    0    0    0    0    0    0    0    0    0    0    0    0    0    0    0    0    0    0    0    0    0    0    0    0    0    0    0    0    0    0    0    0    0    0    0    0    0    0    0    0    0    0    0    0    0    0    0    0    0    0    0    0    0    0    0    0    0    0    0    0    0    0    0    0    0    0    0    0    0    0    0    0    0    0    0    0    0    0    0    0    0    0    0    0    0    0    0    0    0    0    0    0    0    0    0    0    0    0    0    0    0    0    0    0    0    0    0    0    0    0    0    0    0    0 
  0    0    0    0    0    0    0    0    0    0    0    0    0    0    0    0    0    0    0    0    0    0    0    0    0    0    0    0    0    0    0    0    0    0    0    0    0    0    0    0    0    0    0    0    0    0    0    0    0    0    0    0    0    0    0    0    0    0    0    0    0    0    0    0    0    0    0    0    0    0    0    0    0    0    0    0    0    0    0    0    0    0    0    0    0    0    0    0    0    0    0    0    0    0    0    0    0    0    0    0    0    0    0    0    0    0    0    0    0    0    0    0    0    0    0    0    0    0    0    0 
  0    0    0    0    0    0    0    0    0    0    0    0    0    0    0    0    0    0    0    0    0    0    0    0    0    0    0    0    0    0    0    0    0    0    0    0    0    0    0    0    0    0    0    0    0    0    0    0    0    0    0    0    0    0    0    0    0    0    0    0    0    0    0    0    0    0    0    0    0    0    0    0    0    0    0    0    0    0    0    0    0    0    0    0    0    0    0    0    0    0    0    0    0    0    0    0    0    0    0    0    0    0    0    0    0    0    0    0    0    0    0    0    0    0    0    0    0    0    0    0 
  0    0    0    0    0    0    0    0    0    0    0    0    0    0    0    0    0    0    0    0    0    0    0    0    0    0    0    0    0    0    0    0    0    0    0    0    0    0    0    0    0    0    0    0    0    0    0    0    0    0    0    0    0    0    0    0    0    0    0    0   87   50    0    0    0    0    0    0    0    0    0    0    0    0    0    0    0    0    0    0    0    0    0    0    0    0    0    0    0    0    0    0    0    0    0    0    0    0    0    0    0    0    0    0    0    0    0    0    0    0    0    0    0    0    0    0    0    0    0    0 
  0    0    0    0    0    0    0    0    0    0    0    0    0    0    0    0    0    0    0    0    0    0    0    0    0    0    0    0    0    0    0    0    0    0    0    0    0    0    0    0    0    0    0    0    0    0    0    0    0    0    0    0    0    0    0    0    0  126  113  103  100   97   81    0    0    0    0    0    0    0    0    0    0    0    0    0    0    0    0    0    0    0    0    0    0    0    0    0    0    0    0    0    0    0    0    0    0    0    0    0    0    0    0    0    0    0    0    0    0    0    0    0    0    0    0    0    0    0    0    0 
  0    0    0    0    0    0    0    0    0    0    0    0    0    0    0    0    0    0    0    0    0    0    0    0    0    0    0    0    0    0    0    0    0    0    0    0    0    0    0    0    0    0    0    0    0    0    0    0    0    0    0    0    0    0    0   55  112  131  109   94   95   96   98   59    0    0    0    0    0    0    0    0    0    0    0    0    0    0    0    0    0    0    0    0    0    0    0    0    0    0    0    0    0    0    0    0    0    0    0    0    0    0    0    0    0    0    0    0    0    0    0    0    0    0    0    0    0    0    0    0 
  0    0    0    0    0    0    0    0    0    0    0    0    0    0    0    0    0    0    0    0    0    0    0    0    0    0    0    0    0    0    0    0    0    0    0    0    0    0    0    0    0    0    0    0    0    0    0    0    0    0    0    0    0   62   97  131  114  109   94   93   95  101  107   91   79    0    0    0    0    0    0    0    0    0    0    0    0    0    0    0    0    0    0    0    0    0    0    0    0    0    0    0    0    0    0    0    0    0    0    0    0    0    0    0    0    0    0    0    0    0    0    0    0    0    0    0    0    0    0    0 
  0    0    0    0    0    0    0    0    0    0    0    0    0    0    0    0    0    0    0    0    0    0    0    0    0    0    0    0    0    0    0    0    0    0    0    0    0    0    0    0    0    0    0    0    0    0    0    0    0    0    0    0  128  124  122  111  101   93   93  103  106  110  113  109   84   86    0    0    0    0    0    0    0    0    0    0    0    0    0    0    0    0    0    0    0    0    0    0    0    0    0    0    0    0    0    0    0    0    0    0    0    0    0    0    0    0    0    0    0    0    0    0    0    0    0    0    0    0    0    0 
  0    0    0    0    0    0    0    0    0    0    0    0    0    0    0    0    0    0    0    0    0    0    0    0    0    0    0    0    0    0    0    0    0    0    0    0    0    0    0    0    0    0    0    0    0    0    0    0    0    0   65  133  124  114  104   95   94   95  105  114  116  114  117  113  101   89    0    0    0    0    0    0    0    0    0    0    0    0    0    0    0    0    0    0    0    0    0    0    0    0    0    0    0    0    0    0    0    0    0    0    0    0    0    0    0    0    0    0    0    0    0    0    0    0    0    0    0    0    0    0 
  0    0    0    0    0    0    0    0    0    0    0    0    0    0    0    0    0    0    0    0    0    0    0    0    0    0    0    0    0    0    0    0    0    0    0    0    0    0    0    0    0    0    0    0    0    0    0    0   59   97  118  128  114   98   94   93   98  107  118  123  122  121  120  116  111   97   59    0    0    0    0    0    0    0    0    0    0    0    0    0    0    0    0    0    0    0    0    0    0    0    0    0    0    0    0    0    0    0    0    0    0    0    0    0    0    0    0    0    0    0    0    0    0    0    0    0    0    0    0    0 
  0    0    0    0    0    0    0    0    0    0    0    0    0    0    0    0    0    0    0    0    0    0    0    0    0    0    0    0    0    0    0    0    0    0    0    0    0    0    0    0    0    0    0    0    0    0   49   79  112  131  122  112   97   92   90   99  110  121  125  128  125  127  124  119  112  105   80    0    0    0    0    0    0    0    0    0    0    0    0    0    0    0    0    0    0    0    0    0    0    0    0    0    0    0    0    0    0    0    0    0    0    0    0    0    0    0    0    0    0    0    0    0    0    0    0    0    0    0    0    0 
  0    0    0    0    0    0    0    0    0    0    0    0    0    0    0    0    0    0    0    0    0    0    0    0    0    0    0    0    0    0    0    0    0    0    0    0    0    0    0    0    0    0    0    0    0   73  100  127  131  128  108   95   89   89  100  113  122  128  129  129  130  130  127  125  114  107   90    0    0    0    0    0    0    0    0    0    0    0    0    0    0    0    0    0    0    0    0    0    0    0    0    0    0    0    0    0    0    0    0    0    0    0    0    0    0    0    0    0    0    0    0    0    0    0    0    0    0    0    0    0 
  0    0    0    0    0    0    0    0    0    0    0    0    0    0    0    0    0    0    0    0    0    0    0    0    0    0    0    0    0    0    0    0    0    0    0    0    0    0    0    0    0    0    0   66   90  114  132  140  128  103   92   89   92  101  118  124  129  131  131  132  133  131  130  127  120  110   97   61    0    0    0    0    0    0    0    0    0    0    0    0    0    0    0    0    0    0    0    0    0    0    0    0    0    0    0    0    0    0    0    0    0    0    0    0    0    0    0    0    0    0    0    0    0    0    0    0    0    0    0    0 
  0    0    0    0    0    0    0    0    0    0    0    0    0    0    0    0    0    0    0    0    0    0    0   76   88   88   89   88   87   68    0    0    0    0    0    0    0    0    0    0    0   31   82  105  126  137  142  128  102   91   84   93  108  120  127  128  131  134  132  134  133  131  130  128  124  113   99   66    0    0    0    0    0    0    0    0    0    0    0    0    0    0    0    0    0    0    0    0    0    0    0    0    0    0    0    0    0    0    0    0    0    0    0    0    0    0    0    0    0    0    0    0    0    0    0    0    0    0    0    0 
  0    0    0    0    0    0    0    0    0    0    0    0    0    0    0    0    0    0    0    0    0   48   70   78   79   81   88   88   87   89   83    0    0    0    0    0    0    0    0    0   70   99  119  132  142  144  129  106   88   85   95  114  124  128  131  131  133  134  132  132  131  129  128  126  123  116  101   67    0    0    0    0    0    0    0    0    0    0    0    0    0    0    0    0    0    0    0    0    0    0    0    0    0    0    0    0    0    0    0    0    0    0    0    0    0    0    0    0    0    0    0    0    0    0    0    0    0    0    0    0 
  0    0    0    0    0    0    0    0    0    0    0    0    0    0    0    0    0    0    0    0    0   67   69   68   71   64   74   80   85   85   82   75    0    0    0    0    0    0    0   83  111  126  139  144  146  133  103   89   86  101  121  128  128  131  131  131  131  131  130  128  127  126  124  122  119  114  100   64    0    0    0    0    0    0    0    0    0    0    0    0    0    0    0    0    0    0    0    0    0    0    0    0    0    0    0    0    0    0    0    0    0    0    0    0    0    0    0    0    0    0    0    0    0    0    0    0    0    0    0    0 
  0    0    0    0    0    0    0    0    0    0    0    0    0    0    0    0    0    0    0    0   45   56   50   48   48   45   56   62   75   76   78   77   50    0    0    0    0    0   89  118  133  140  145  145  136  110   88   88  107  123  130  132  129  128  127  126  125  125  123  123  121  120  117  115  113  111  102   55    0    0    0    0    0    0    0    0    0    0    0    0    0    0    0    0    0    0    0    0    0    0    0    0    0    0    0    0    0    0    0    0    0    0    0    0    0    0    0    0    0    0    0    0    0    0    0    0    0    0    0    0 
  0    0    0    0    0    0    0    0    0    0    0    0    0    0    0    0    0    0    0    0   46   48   55   64   63   61   51   40   55   62   70   71   56    0    0    0   60   96  115  130  139  145  145  136  115   92  100  115  126  129  128  128  125  121  118  117  116  117  116  115  114  113  113  112  110  111   93   24    0    0    0    0    0    0    0    0    0    0    0    0    0    0    0    0    0    0    0    0    0    0    0    0    0    0    0    0    0    0    0    0    0    0    0    0    0    0    0    0    0    0    0    0    0    0    0    0    0    0    0    0 
  0    0    0    0    0    0    0    0    0    0    0    0    0    0    0    0    0    0    0    0   42   57   64   71   70   65   61   54   43   51   59   63   50    0    0   78  101  113  127  136  141  143  139  118  101  111  124  127  128  123  120  117  112  110  106  106  105  105  106  105  103  104  110  117  113  104   70    0    0    0    0    0    0    0    0    0    0    0    0    0    0    0    0    0    0    0    0    0    0    0    0    0    0    0    0    0    0    0    0    0    0    0    0    0    0    0    0    0    0    0    0    0    0    0    0    0    0    0    0    0 
  0    0    0    0    0    0    0    0    0    0    0    0    0    0    0    0    0    0    0    0   43   57   69   74   74   70   66   59   51   37   45   54   44    0   80  105  115  129  135  139  141  136  123  108  120  132  128  117  106  101  101  101   97   94   91   92   92   87   90   94  103  111   99  114  100   69    0    0    0    0    0    0    0    0    0    0    0    0    0    0    0    0    0    0    0    0    0    0    0    0    0    0    0    0    0    0    0    0    0    0    0    0    0    0    0    0    0    0    0    0    0    0    0    0    0    0    0    0    0    0 
  0    0    0    0    0    0    0    0    0    0    0    0    0    0    0    0    0    0   47   49   54   54   59   54   53   48   44   38   53   44   31   42   45   87  104  115  129  137  141  141  135  122  117  117  132  119  107  103  106   85   73   73   76   89  100  103  112  119  130  127  119  108   99   65   21    0    0    0    0    0    0    0    0    0    0    0    0    0    0    0    0    0    0    0    0    0    0    0    0    0    0    0    0    0    0    0    0    0    0    0    0    0    0    0    0    0    0    0    0    0    0    0    0    0    0    0    0    0    0    0 
  0    0    0    0    0    0    0    0    0    0    0    0    0   42   53   61   68   75   77   76   76   78   80   85   90   93   93   89   86   77   67   43   74   91  108  127  137  141  143  136  123  128  130  112  114  118  138  143  132  126  144  137  136  131  128  119  117  112  113  102   92   53   38    0    0    0    0    0    0    0    0    0    0    0    0    0    0    0    0    0    0    0    0    0    0    0    0    0    0    0    0    0    0    0    0    0    0    0    0    0    0    0    0    0    0    0    0    0    0    0    0    0    0    0    0    0    0    0    0    0 
  0    0    0    0    0    0    0    0    0    0    0   52   62   70   73   80   84   86   86   91   96  101  106  113  118  125  124  122  117  108   99   86   64   60  105  127  139  142  142  130  123  135  135  137  145  142  136  133  125  121  125  120  119  114  112  100   92   80   60   38    0    0    0    0    0    0    0    0    0    0    0    0    0    0    0    0    0    0    0    0    0    0    0    0    0    0    0    0    0    0    0    0    0    0    0    0    0    0    0    0    0    0    0    0    0    0    0    0    0    0    0    0    0    0    0    0    0    0    0    0 
  0    0    0    0    0    0    0    0    0   51   65   69   74   77   84   88   90   94  100  105  110  116  121  126  131  135  137  134  123  107   89   86   84   49   51  110  134  141  140  134  131  140  142  146  131  128  122  123  120  116  114  109  100   89   79   64   30    0    0    0    0    0    0    0    0    0    0    0    0    0    0    0    0    0    0    0    0    0    0    0    0    0    0    0    0    0    0    0    0    0    0    0    0    0    0    0    0    0    0    0    0    0    0    0    0    0    0    0    0    0    0    0    0    0    0    0    0    0    0    0 
  0    0    0    0    0    0    0   43   53   66   75   76   82   89   94   99  104  109  112  116  119  122  122  127  133  140  144  140  120   89   90   87   86   64   40   68  124  138  139  135  133  139  134  129  122  122  120  119  114  110  102   89   68   52   19    0    0    0    0    0    0    0    0    0    0    0    0    0    0    0    0    0    0    0    0    0    0    0    0    0    0    0    0    0    0    0    0    0    0    0    0    0    0    0    0    0    0    0    0    0    0    0    0    0    0    0    0    0    0    0    0    0    0    0    0    0    0    0    0    0 
  0    0    0    0    0    0   42   56   58   73   79   82   88   97  102  110  115  117  120  122  124  123  122  119  132  141  145  141  115   70  102   91   79   62   44   47   96  129  133  128  128  131  125  120  118  119  112  109   97   83   60    6    0    0    0    0    0    0    0    0    0    0    0    0    0    0    0    0    0    0    0    0    0    0    0    0    0    0    0    0    0    0    0    0    0    0    0    0    0    0    0    0    0    0    0    0    0    0    0    0    0    0    0    0    0    0    0    0    0    0    0    0    0    0    0    0    0    0    0    0 
  0    0    0    0    0    0   55   43   63   79   84   87   94  102  111  117  121  123  124  125  126  123  118  115  121  138  144  136  104   84  120  108   68   61   46   46   80  117  123  121  124  123  118  116  109  106   98   84   60    0    0    0    0    0    0    0    0    0    0    0    0    0    0    0    0    0    0    0    0    0    0    0    0    0    0    0    0    0    0    0    0    0    0    0    0    0    0    0    0    0    0    0    0    0    0    0    0    0    0    0    0    0    0    0    0    0    0    0    0    0    0    0    0    0    0    0    0    0    0    0 
  0    0    0    0    0    0   54   47   71   85   88   92   99  109  117  122  127  129  130  129  127  123  113  108  112  129  139  133   92  102  128  117   80   48   46   46   79  104  110  115  116  110  109   97   90   70   48    0    0    0    0    0    0    0    0    0    0    0    0    0    0    0    0    0    0    0    0    0    0    0    0    0    0    0    0    0    0    0    0    0    0    0    0    0    0    0    0    0    0    0    0    0    0    0    0    0    0    0    0    0    0    0    0    0    0    0    0    0    0    0    0    0    0    0    0    0    0    0    0    0 
  0    0    0    0    0    0   43   63   80   89   91   93  106  116  125  128  132  133  133  132  128  121  112  100  104  120  130  128   86  109  131  119   89   46   42   47   74   91  101  104  100   93   77   66   33    0    0    0    0    0    0    0    0    0    0    0    0    0    0    0    0    0    0    0    0    0    0    0    0    0    0    0    0    0    0    0    0    0    0    0    0    0    0    0    0    0    0    0    0    0    0    0    0    0    0    0    0    0    0    0    0    0    0    0    0    0    0    0    0    0    0    0    0    0    0    0    0    0    0    0 
  0    0    0    0    0    0   29   73   83   92   93  101  113  123  129  133  134  135  135  133  125  120  108   96   96  107  120  118   80  115  125  117   92   60   35   58   69   77   94   84   71   54   29    0    0    0    0    0    0    0    0    0    0    0    0    0    0    0    0    0    0    0    0    0    0    0    0    0    0    0    0    0    0    0    0    0    0    0    0    0    0    0    0    0    0    0    0    0    0    0    0    0    0    0    0    0    0    0    0    0    0    0    0    0    0    0    0    0    0    0    0    0    0    0    0    0    0    0    0    0 
  0    0    0    0    0    0   50   75   84   93   96  108  118  127  131  134  136  136  136  132  125  113  104   94   90   95  108  104   98  126  124  116  103   77   37   70   58   59   66   44   42    0    0    0    0    0    0    0    0    0    0    0    0    0    0    0    0    0    0    0    0    0    0    0    0    0    0    0    0    0    0    0    0    0    0    0    0    0    0    0    0    0    0    0    0    0    0    0    0    0    0    0    0    0    0    0    0    0    0    0    0    0    0    0    0    0    0    0    0    0    0    0    0    0    0    0    0    0    0    0 
  0    0    0    0    0    0   55   72   88   96  101  114  124  131  134  136  137  137  135  129  122  108  100   90   86   86  106  113  133  136  128  117  108   87   42   69   52   41   31    0    0    0    0    0    0    0    0    0    0    0    0    0    0    0    0    0    0    0    0    0    0    0    0    0    0    0    0    0    0    0    0    0    0    0    0    0    0    0    0    0    0    0    0    0    0    0    0    0    0    0    0    0    0    0    0    0    0    0    0    0    0    0    0    0    0    0    0    0    0    0    0    0    0    0    0    0    0    0    0    0 
  0    0    0    0    0    0   59   77   91   99  106  117  128  134  137  138  138  137  134  126  120  106   96   90   83   87  117  129  137  136  129  121  108   89   49   73   58   42    0    0    0    0    0    0    0    0    0    0    0    0    0    0    0    0    0    0    0    0    0    0    0    0    0    0    0    0    0    0    0    0    0    0    0    0    0    0    0    0    0    0    0    0    0    0    0    0    0    0    0    0    0    0    0    0    0    0    0    0    0    0    0    0    0    0    0    0    0    0    0    0    0    0    0    0    0    0    0    0    0    0 
  0    0    0    0    0    0   59   78   95  102  110  124  133  139  141  140  140  138  135  126  115  104   93   87   84   97  114  126  125  124  122  119  109   94   64   67   64   43    0    0    0    0    0    0    0    0    0    0    0    0    0    0    0    0    0    0    0    0    0    0    0    0    0    0    0    0    0    0    0    0    0    0    0    0    0    0    0    0    0    0    0    0    0    0    0    0    0    0    0    0    0    0    0    0    0    0    0    0    0    0    0    0    0    0    0    0    0    0    0    0    0    0    0    0    0    0    0    0    0    0 
  0    0    0    0    0   26   59   78   99  105  116  128  138  143  144  142  138  138  134  125  112  105   91   87   92  105  116  122  121  116  114  113  108   98   78   60   65   46    0    0    0    0    0    0    0    0    0    0    0    0    0    0    0    0    0    0    0    0    0    0    0    0    0    0    0    0    0    0    0    0    0    0    0    0    0    0    0    0    0    0    0    0    0    0    0    0    0    0    0    0    0    0    0    0    0    0    0    0    0    0    0    0    0    0    0    0    0    0    0    0    0    0    0    0    0    0    0    0    0    0 
  0    0    0    0    0   42   57   81  103  109  122  133  142  147  148  144  139  139  133  125  114  105   91   87   95  112  118  124  125  122  113  111  112  104   89   71   55   52    0    0    0    0    0    0    0    0    0    0    0    0    0    0    0    0    0    0    0    0    0    0    0    0    0    0    0    0    0    0    0    0    0    0    0    0    0    0    0    0    0    0    0    0    0    0    0    0    0    0    0    0    0    0    0    0    0    0    0    0    0    0    0    0    0    0    0    0    0    0    0    0    0    0    0    0    0    0    0    0    0    0 
  0    0    0    0    0   53   58   88  106  113  127  140  147  151  150  146  141  140  137  124  116  103   96   87   94  111  124  130  130  127  121  113  110  111  103   82   71   51   40    0    0    0    0    0    0    0    0    0    0    0    0    0    0    0    0    0    0    0    0    0    0    0    0    0    0    0    0    0    0    0    0    0    0    0    0    0    0    0    0    0    0    0    0    0    0    0    0    0    0    0    0    0    0    0    0    0    0    0    0    0    0    0    0    0    0    0    0    0    0    0    0    0    0    0    0    0    0    0    0    0 
  0    0    0    0    0   63   60   92  108  116  131  144  150  153  152  149  146  142  137  127  116  106   96   88   89  104  124  133  133  130  125  118  111  111  110   97   75   69   51    0    0    0    0    0    0    0    0    0    0    0    0    0    0    0    0    0    0    0    0    0    0    0    0    0    0    0    0    0    0    0    0    0    0    0    0    0    0    0    0    0    0    0    0    0    0    0    0    0    0    0    0    0    0    0    0    0    0    0    0    0    0    0    0    0    0    0    0    0    0    0    0    0    0    0    0    0    0    0    0    0 
  0    0    0    0    0   67   69   92  108  116  131  142  149  151  152  152  149  145  138  130  118  111  100   89   88   94  119  130  130  129  123  121  118  113  111  106   87   70   67   41    0    0    0    0    0    0    0    0    0    0    0    0    0    0    0    0    0    0    0    0    0    0    0    0    0    0    0    0    0    0    0    0    0    0    0    0    0    0    0    0    0    0    0    0    0    0    0    0    0    0    0    0    0    0    0    0    0    0    0    0    0    0    0    0    0    0    0    0    0    0    0    0    0    0    0    0    0    0    0    0 
  0    0    0    0   52   77   83   89  107  114  129  137  144  147  150  152  151  148  143  134  123  116  106   95   86   91  114  128  133  130  121  116  120  119  115  104   96   80   68   63    0    0    0    0    0    0    0    0    0    0    0    0    0    0    0    0    0    0    0    0    0    0    0    0    0    0    0    0    0    0    0    0    0    0    0    0    0   33    0    0    0    0    0    0    0    0    0    0    0    0    0    0    0    0    0    0    0    0    0    0    0    0    0    0    0    0    0    0    0    0    0    0    0    0    0    0    0    0    0    0 
  0    0    0    0   70   97   98   96  104  109  122  132  137  143  147  149  151  150  148  140  129  118  109  100   89   89  110  130  137  137  126  112  116  120  117  113   95   84   71   62   54    0    0    0    0    0    0    0    0    0    0    0    0    0    0    0    0    0    0    0    0    0    0    0    0    0    0   43   53   67   67   67   72   77   81   83   82   83   81   77   71   63   53   31    0    0    0    0    0    0    0    0    0    0    0    0    0    0    0    0    0    0    0    0    0    0    0    0    0    0    0    0    0    0    0    0    0    0    0    0 
  0    0    0   38   83  104  107  116  109  103  109  123  131  137  140  146  150  152  152  146  135  125  111   98   90   89  105  129  139  141  131  115  112  117  115  115  101   83   76   67   70   44    0    0    0    0    0    0    0    0    0    0    0    0    0    0    0    0    0    0    0    0    0   36   55   64   69   80   84   85   87   92   92   88   86   88   88   88   91   92   92   90   87   77   60   46    0    0    0    0    0    0    0    0    0    0    0    0    0    0    0    0    0    0    0    0    0    0    0    0    0    0    0    0    0    0    0    0    0    0 
  0    0    0   54   91  106  117  134  129  118  103  109  125  127  136  145  150  153  153  151  139  131  113   99   87   87   99  129  141  142  136  120  114  112  113  110  105   89   76   73   65   90   69   57   46   35    0    0    0    0    0    0    0    0    0    0    0    0    0    0   45   58   64   67   71   79   85   86   89   92   98  102  106  105  105  105  102  102   99   98   99   99   98   97   93   89   69   49    0    0    0    0    0    0    0    0    0    0    0    0    0    0    0    0    0    0    0    0    0    0    0    0    0    0    0    0    0    0    0    0 
  0    0    0   70   94  107  117  137  143  142  131  108  111  121  131  142  148  153  153  151  143  134  121   99   85   81   97  127  138  140  135  121  117  111  111  104   96   94   76   84   77   85   78   71   70   68   69   66   63   48    0    0    0    0    0    0    0   43   57   61   65   63   68   75   84   90   90   94   99   97   96  100  103  106  111  117  121  120  116  114  110  107  108  108  103   96   96   81   67   62    0    0    0    0    0    0    0    0    0    0    0    0    0    0    0    0    0    0    0    0    0    0    0    0    0    0    0    0    0    0 
  0    0    0   75   94  108  117  139  147  150  145  115  103  117  129  141  145  151  152  149  144  134  120   98   82   73   93  121  133  137  131  117  118  113  108  110   86   91   86   96  108   97   81   75   75   81   81   78   73   75   78   72   65   64   61   58   56   57   56   62   70   79   85   92   97  100  105  112  115  119  119  115  113  110  114  117  124  126  129  127  125  121  119  119  111  103   98   93   82   71   70   56    0    0    0    0    0    0    0    0    0    0    0    0    0    0    0    0    0    0    0    0    0    0    0    0    0    0    0    0 
  0    0    0   72   90  105  115  135  145  151  148  120  100  114  127  140  138  145  148  146  140  132  111   92   76   68   89  116  129  134  128  116  115  112  111  114   99   87  108  110  111   96   87   93  100  102   98   96   93   87   79   79   81   65   57   63   62   70   75   81   86   89   92  100  106  110  117  119  122  122  123  125  124  119  116  116  118  127  130  132  134  133  130  130  125  109  101  100  101   97   88   73   61    0    0    0    0    0    0    0    0    0    0    0    0    0    0    0    0    0    0    0    0    0    0    0    0    0    0    0 
  0    0    0   61   81   99  110  127  138  147  147  123   95  110  121  135  136  134  140  138  130  121   97   83   67   65   85  112  125  130  125  118  110  109  111  115  104   84  119  119  107   98   99  104  114  119  116  105   99   93   89   80   66   65   71   77   84   87   89   97  103  105  109  113  117  122  125  127  126  126  125  126  126  127  123  121  119  122  128  136  140  139  136  138  133  124  118  116  118  114  107   95   79   71    0    0    0    0    0    0    0    0    0    0    0    0    0    0    0    0    0    0    0    0    0    0    0    0    0    0 
  0    0    0   45   72   90  103  118  126  137  143  128   89  104  112  125  132  129  131  130  119  103   87   76   62   64   83  105  118  124  121  113  104  107  113  124  122  112  117  110  102  103  104  114  123  130  130  123  114  106   98   93   92   95  102   98   95   97  101  112  117  119  121  123  128  130  128  129  131  130  129  129  130  132  132  129  125  123  129  134  140  141  139  143  141  136  132  130  128  124  117  109   97   88   76   44    0    0    0    0    0    0    0    0    0    0    0    0    0    0    0    0    0    0    0    0    0    0    0    0 
  0    0    0    6   58   80   92  102  121  127  135  127   84   94  102  112  121  122  122  118  107   90   78   64   57   61   81   97  110  115  114  106  107  121  129  137  135  131  116  108  109  108  115  120  126  135  138  135  128  117  112  108  111  116  115  102  101  106  111  119  122  126  121  127  133  130  128  129  132  134  133  134  134  136  137  137  134  129  131  136  136  140  138  142  144  141  139  137  135  130  126  115  109  101   92   81   47    0    0    0    0    0    0    0    0    0    0    0    0    0    0    0    0    0    0    0    0    0    0    0 
  0    0    0    0   37   64   79   91  106  116  119  121   89   72   88   99  100  104  102   96   89   71   65   52   52   62   77  102  113  118  121  118  124  142  143  138  125  124  117  111  114  118  122  124  125  132  136  134  130  122  115  113  114  119  113   99  103  110  118  121  125  125  123  129  130  128  131  134  137  135  134  137  137  138  138  141  141  137  137  136  136  138  137  136  143  142  141  142  139  133  131  125  115  111  102   88   80   42    0    0    0    0    0    0    0    0    0    0    0    0    0    0    0    0    0    0    0    0    0    0 
  0    0    0    0    0   39   60   73   87   97  107  118  111   87   67   75   88   86   82   72   62   57   50   49   53   65   93  121  131  136  141  143  144  145  136  130  124  116  116  117  119  122  127  127  126  125  129  127  123  120  120  121  119  116  108   98  101  114  120  124  130  126  125  126  128  130  133  139  142  138  137  140  142  143  140  140  144  143  142  141  140  141  144  139  138  140  141  144  142  134  131  130  123  119  113  100   86   73    0    0    0    0    0    0    0    0    0    0    0    0    0    0    0    0    0    0    0    0    0    0 
  0    0    0    0    0   11   36   45   57   70   82   97  108  103   88   64   64   65   59   51   47   43   42   42   71  104  130  145  151  152  153  151  145  136  129  125  125  121  117  118  120  125  129  132  131  126  125  124  122  122  125  126  122  117  104   96  110  122  125  130  131  126  125  129  130  133  136  139  139  138  140  144  147  148  147  143  143  147  145  144  144  146  147  146  140  137  138  139  144  139  130  128  126  124  121  112   97   83   70    0    0    0    0    0    0    0    0    0    0    0    0    0    0    0    0    0    0    0    0    0 
  0    0    0    0    0    0   20    6   22   33   47   55   65   75   80   69   54   44   40   38   38   37   41   61  121  142  149  149  147  145  141  140  135  130  128  125  121  117  116  117  119  122  128  134  135  131  126  123  120  123  124  124  120  115  103  107  123  129  131  134  131  129  131  133  135  138  139  140  139  139  143  146  150  151  152  150  147  147  146  144  145  149  150  146  141  139  136  135  135  138  133  127  125  121  120  118  106   93   85   65    0    0    0    0    0    0    0    0    0    0    0    0    0    0    0    0    0    0    0    0 
  0    0    0    0    0    0    0   12   30   19    5   13   20   28   37   42   41   35   35   37   38   63  118  152  152  152  146  140  135  131  127  125  125  126  130  130  126  123  122  120  123  124  128  135  138  135  130  124  122  123  123  122  120  115  108  123  130  132  134  136  139  136  135  138  143  143  142  143  143  143  144  147  149  151  153  153  151  149  147  144  144  149  148  141  139  140  137  137  135  131  133  130  127  124  117  115  107  101   93   86   42    0    0    0    0    0    0    0    0    0    0    0    0    0    0    0    0    0    0    0 
  0    0    0    0    0    0    0    0    1   28   26   53    3   12   17   24   33   45   45   34  133  132  149  151  144  140  137  133  130  127  125  124  125  127  135  138  133  131  131  128  128  130  132  138  142  139  134  130  129  128  126  125  125  117  121  131  130  133  137  140  144  139  138  144  148  147  144  146  147  148  147  148  149  150  152  152  151  148  149  147  145  144  137  127  128  131  131  130  135  136  135  136  134  132  127  113  108   98   99   95   77    0    0    0    0    0    0    0    0    0    0    0    0    0    0    0    0    0    0    0 
  0    0    0    0    0    0    0    0    0    0   28   59   63   44   24   50   83  121  144  148  148  146  139  139  137  134  133  131  130  128  128  130  136  136  136  143  137  136  137  135  134  133  133  138  144  141  137  134  132  129  130  130  128  124  128  128  132  137  141  144  148  141  140  148  150  149  146  146  151  152  151  150  148  149  150  151  150  149  151  149  140  125  107  109  115  118  117  116  117  124  137  144  143  141  138  127  111  102   96  101   92   59    0    0    0    0    0    0    0    0    0    0    0    0    0    0    0    0    0    0 
  0    0    0    0    0    0    0    0    0    0   30   65   72   78   75   78   94  130  147  152  146  134  130  132  132  132  133  132  131  130  132  138  142  145  141  144  139  138  139  139  141  138  133  137  143  139  135  133  129  128  132  134  129  130  125  131  136  143  145  146  146  145  142  150  151  150  149  147  149  152  152  152  151  146  148  149  150  147  145  132  109   96  104  110  112  115  115  114  114  111  105  138  147  143  139  132  122  111   96  102   96   84   36    0    0    0    0    0    0    0    0    0    0    0    0    0    0    0    0    0 
  0    0    0    0    0    0    0    0    0    0   38   68   82   88   87   92  103  129  142  147  136  126  127  128  130  133  135  135  133  135  140  141  142  146  144  142  139  138  139  143  146  141  138  138  139  135  132  130  126  128  134  135  132  129  126  136  139  145  147  147  145  147  143  150  152  151  150  151  147  150  152  151  153  150  145  145  146  138  124  105   99  106  111  112  113  115  118  119  119  119  114   94  132  137  133  127  130  120  103   97  101   98   65    0    0    0    0    0    0    0    0    0    0    0    0    0    0    0    0    0 
  0    0    0    0    0    0    0    0    0    0   37   78   91   90   94   98  106  127  137  136  127  123  126  129  132  137  139  139  138  141  142  143  142  146  143  137  138  138  141  149  149  142  143  143  137  132  130  129  126  130  137  136  134  130  133  138  142  144  149  149  149  147  149  149  151  151  152  152  152  150  151  150  151  153  149  143  136  122  106  103  107  112  118  123  125  125  126  126  123  122  122  121  101  116  123  117  122  124  113  100   96  100   81   34    0    0    0    0    0    0    0    0    0    0    0    0    0    0    0    0 
  0    0    0    0    0    0    0    0    0   33   63   84   93   95   96   99  112  123  127  126  124  124  128  132  137  143  145  144  143  145  145  145  143  144  139  133  134  142  146  150  151  144  145  145  139  133  134  130  128  132  139  140  138  136  137  141  146  148  147  151  150  149  144  148  149  145  138  149  145  149  152  151  149  150  151  141  122  111  108  116  123  128  137  140  140  142  141  137  132  125  123  125  122  112  121  115  102  122  117  104   94   96   95   59    0    0    0    0    0    0    0    0    0    0    0    0    0    0    0    0 
  0    0    0    0    0    0    0    0    0   44   75   87   96   97   96  102  116  116  119  119  126  130  134  137  145  149  146  148  148  149  150  148  147  145  134  135  135  142  148  150  152  146  147  146  140  134  135  131  127  133  142  146  143  139  142  146  150  152  150  150  150  143  140  127   89   86   71   59   55   55   53   56   56   53   60   76   88  101  113  126  134  140  148  150  149  148  149  148  142  134  127  122  122  120  129  125  110   99  118  109   96   95   93   71    0    0    0    0    0    0    0    0    0    0    0    0    0    0    0    0 
  0    0    0    0    0    0    0    0   26   61   77   90   95   96   99  106  114  108  115  122  131  136  142  142  148  150  146  149  150  150  150  152  149  145  134  141  143  140  149  151  152  149  149  147  139  137  140  131  129  139  143  147  148  138  144  149  151  151  148  137  125  108   78   62   64   72   80   86   90   90   92   91   92   92   89   84   81   80  103  123  135  143  148  150  150  149  150  151  149  143  137  125  120  116  132  135  123  106  109  111   99   94   87   75   43    0    0    0    0    0    0    0    0    0    0    0    0    0    0    0 
  0    0    0    0    0    0    0    0   38   65   80   91   95   97  102  107  110  106  117  126  135  141  147  146  147  147  144  147  148  150  150  152  151  143  137  144  147  141  148  152  152  151  152  148  138  139  140  131  136  145  146  140  151  141  139  145  149  143  132   90   61   57   65   82   95   93  101  109  108  108  112  111  116  117  113  108  106  106   97  103  119  132  139  141  144  147  149  151  151  149  144  134  124  112  126  136  129  116  106  110   99   95   90   81   64    0    0    0    0    0    0    0    0    0    0    0    0    0    0    0 
  0    0    0    0    0    0    0    0   45   68   80   90   95  100  108  104  104  107  119  128  139  147  150  146  140  137  137  139  140  142  146  150  151  145  140  146  149  143  147  151  151  151  153  146  138  137  137  135  144  148  150  145  132  151  137  134  130  105   53   64   75   88  101  106  101  101  119  119  120  123  124  126  130  131  129  124  121  123  124  117  115  121  126  129  128  135  145  148  152  151  147  140  132  119  116  134  129  120  112  113  101   90   98   80   72   39    0    0    0    0    0    0    0    0    0    0    0    0    0    0 
  0    0    0    0    0    0    0    0   52   73   80   88   95  103  111   97  102  109  122  132  144  151  151  139  131  129  135  138  139  139  139  144  150  148  141  148  152  145  147  150  150  151  152  142  134  136  139  143  148  148  148  152  146  142  134   83   71   56   76   90  100  105  117  114  107  126  132  129  132  135  136  137  139  141  142  138  134  130  133  133  129  123  122  123  124  115  134  143  152  152  149  143  137  128  117  128  130  123  119  112  104   86  103   82   76   63    0    0    0    0    0    0    0    0    0    0    0    0    0    0 
  0    0    0    0    0    0    0    0   56   73   82   87   95  107  106   91  104  110  124  137  147  150  147  130  128  130  141  145  146  147  146  142  148  151  142  147  151  144  149  150  150  152  151  137  132  139  144  149  152  149  144  143  151  142   99   63   66   85   98  111  109  121  129  122  135  140  140  139  141  143  145  145  146  147  148  148  144  137  132  135  136  133  129  126  126  123  109  135  152  152  151  145  139  133  125  127  129  127  122  116  108   96   91   86   79   75    0    0    0    0    0    0    0    0    0    0    0    0    0    0 
  0    0    0    0    0    0    0    0   56   73   82   88   93  105   93   91  107  113  128  141  146  147  135  127  130  136  146  150  151  152  152  148  146  152  149  148  148  148  151  150  151  152  150  136  135  140  145  151  152  151  148  142  140  113   63   79   82  100  113  115  121  135  136  138  148  148  145  146  147  149  150  150  150  150  149  150  149  145  138  134  136  137  136  133  132  133  107  121  152  151  152  146  139  134  128  130  132  129  125  119  108  101   91   84   82   79   36    0    0    0    0    0    0    0    0    0    0    0    0    0 
  0    0    0    0    0    0    0    0   56   73   83   86   88   97   87   96  110  115  132  144  145  137  123  132  134  142  148  152  150  151  153  152  149  150  149  152  152  149  150  151  152  152  150  138  140  140  137  148  152  151  152  146  119   69   79   68  100  108  119  122  134  140  143  149  153  150  146  150  151  152  152  152  152  151  150  148  148  146  143  138  136  139  141  136  132  138  120  103  149  149  151  148  139  131  126  130  137  137  130  118  111  101   93   80   82   77   55    0    0    0    0    0    0    0    0    0    0    0    0    0 
  0    0    0    0    0    0    0    0   53   72   84   83   82   89   85  101  114  115  132  143  138  122  122  135  139  146  152  153  150  146  148  151  153  150  145  147  147  142  142  149  152  153  151  139  144  148  135  130  148  150  151  137   76   73   74   84  106  115  124  134  140  144  148  152  153  148  147  152  153  153  152  152  152  151  150  148  145  143  142  141  141  142  145  140  127  137  127  107  144  148  150  148  140  130  121  126  141  144  137  119  110   98   95   84   83   76   61    0    0    0    0    0    0    0    0    0    0    0    0    0 
  0    0    0    0    0    0    0    0   48   68   77   82   76   86   87  104  116  117  129  140  128  120  129  139  143  147  151  151  149  147  144  151  150  148  148  149  149  145  139  139  150  152  146  138  149  151  145  126  137  148  148  113   67   67   71   96  107  120  129  137  144  149  149  152  151  146  148  153  153  153  152  152  151  150  149  147  145  144  144  144  144  145  146  141  125  132  127  120  141  147  150  147  141  129  116  123  140  148  142  120  106   96   94   87   78   78   64    0    0    0    0    0    0    0    0    0    0    0    0    0 
  0    0    0    0    0    0    0    0   38   61   71   77   75   83   90  107  116  119  125  132  121  121  131  141  144  145  146  148  148  151  145  147  147  149  151  152  152  149  143  140  140  153  144  137  148  151  152  145  129  134  140   98   60   67   74   97  112  126  132  139  148  151  149  151  152  148  150  153  153  151  152  152  151  150  149  149  150  149  149  148  147  144  144  136  120  133  132  131  143  147  149  145  143  131  117  115  136  149  146  122  102   94   97   91   79   80   68    0    0    0    0    0    0    0    0    0    0    0    0    0 
  0    0    0    0    0    0    0    0   17   52   65   70   77   83   92  107  115  118  121  127  117  121  130  140  145  145  143  142  144  149  145  143  148  150  151  152  151  148  143  142  141  151  143  138  149  151  148  150  141  122  116   84   52   71   70   99  119  129  133  143  151  153  149  151  151  150  151  153  152  150  151  152  151  151  151  152  153  152  150  149  147  142  139  133  122  137  139  139  142  146  145  140  142  138  123  103  133  148  144  121   99   92  101   99   85   80   70    0    0    0    0    0    0    0    0    0    0    0    0    0 
  0    0    0    0    0    0    0    0    0   43   49   63   75   82   96  106  113  116  118  121  114  118  127  137  146  147  145  142  145  144  140  144  149  148  146  146  146  146  143  139  142  151  140  139  148  153  145  144  146  133  101   64   50   70   70  104  122  129  135  146  152  152  150  147  149  150  152  151  151  151  147  151  153  152  152  152  152  150  147  146  145  140  135  129  132  144  142  141  141  145  143  134  131  137  128  100  128  147  141  115  102   96  106  101   91   77   69    0    0    0    0    0    0    0    0    0    0    0    0    0 
  0    0    0    0    0    0    0    0    0    6   28   58   75   80   96  106  110  113  116  119  114  115  123  132  143  147  146  145  147  141  136  145  151  148  143  140  141  142  139  134  140  149  136  138  148  152  145  138  146  144   95   58   50   64   73  109  126  128  136  147  153  151  149  145  148  150  152  151  150  152  148  150  152  152  151  150  148  146  142  143  143  140  135  136  144  145  143  140  142  145  145  137  124  126  129  103  127  145  139  115  103  100  111  105   92   78   73   35    0    0    0    0    0    0    0    0    0    0    0    0 
  0    0    0    0    0    0    0    0    0    0   31   57   72   79   91  104  107  108  114  117  116  114  119  124  137  145  144  147  146  138  134  145  151  146  144  142  145  144  137  133  141  150  135  134  146  150  143  136  146  148   96   51   50   57   75  110  125  127  130  142  151  150  151  140  145  150  153  153  150  151  150  152  153  153  152  150  146  142  141  143  145  145  141  145  146  143  143  141  136  142  145  139  129  119  120  108  129  141  134  117   99  104  113  109   89   80   76   43    0    0    0    0    0    0    0    0    0    0    0    0 
  0    0    0    0    0    0    0    0    0    0   31   47   70   77   87   96  102  103  110  113  115  114  117  120  129  139  141  146  143  137  135  142  145  141  147  150  150  148  138  136  151  150  142  139  143  146  141  137  146  149  102   51   46   49   75  104  121  125  126  132  145  148  150  139  141  148  152  152  152  151  148  149  151  151  152  149  144  144  149  151  151  150  145  148  148  145  144  144  136  136  141  142  133  119  111  119  131  137  132  120  100  103  113  107   87   80   75   49    0    0    0    0    0    0    0    0    0    0    0    0 
  0    0    0    0    0    0    0    0    0    0   22   23   62   73   83   88   93   97  105  110  112  114  114  117  122  133  138  141  140  136  137  139  135  139  147  151  152  147  136  145  151  146  146  149  146  143  139  138  148  149  107   55   49   44   66   93  112  121  124  126  137  146  149  141  138  145  150  150  153  147  147  149  149  149  148  145  143  150  153  152  151  148  146  151  151  149  147  145  136  131  135  139  135  119  110  125  133  135  130  119  102   99  113  102   87   77   75   56    0    0    0    0    0    0    0    0    0    0    0    0 
  0    0    0    0    0    0    0    0    0    0    0   48   45   67   74   82   84   91   99  109  108  112  112  114  119  129  138  137  137  136  135  135  132  139  141  147  150  143  136  152  144  144  151  153  149  144  143  145  150  151  117   60   56   41   47   87  104  112  121  127  134  143  147  142  141  142  147  150  148  143  148  151  152  150  145  136  146  153  151  152  150  146  147  153  152  149  147  144  133  128  134  136  135  117  112  126  133  133  127  115  105   99  111   97   88   74   80   61    0    0    0    0    0    0    0    0    0    0    0    0 
  0    0    0    0    0    0    0    0    0    0    0   31    6   47   65   72   79   84   94  108  109  111  111  112  118  126  135  134  133  137  134  132  134  138  136  140  144  137  139  151  143  147  151  151  146  147  148  151  151  152  137   69   60   48   46   75  100  109  116  128  137  137  142  142  143  142  145  147  141  144  150  152  153  151  143  128  152  152  151  152  150  144  147  152  151  144  142  141  133  128  132  132  132  112  111  126  132  132  122  108  113  107  103   93   90   74   78   62    0    0    0    0    0    0    0    0    0    0    0    0 
  0    0    0    0    0    0    0    0    0    0    0    0   26   17   50   61   72   79   90  103  111  111  111  111  112  124  129  130  130  134  133  130  135  137  136  137  136  135  147  148  143  148  149  146  145  150  152  152  150  150  146   93   54   57   42   59   96  111  114  125  139  138  135  139  142  143  142  139  139  145  150  152  152  148  136  135  153  151  153  153  150  141  144  150  147  137  133  136  136  129  128  128  125  103  111  127  132  126  116  103  122  112   97   90   92   78   75   61    0    0    0    0    0    0    0    0    0    0    0    0 
  0    0    0    0    0    0    0    0    0    0    0    0    0   19   29   52   64   75   83   94  109  111  112  110  109  113  120  123  125  127  127  126  125  127  129  133  129  137  149  147  146  147  147  146  149  152  153  151  146  146  147  120   52   63   47   51   80  105  113  120  138  142  134  132  138  141  137  135  140  146  148  150  147  141  133  139  151  149  152  152  148  140  139  147  144  130  130  134  136  132  123  124  118   93  116  129  128  117  109  120  127  112   91   94   91   83   75   60    0    0    0    0    0    0    0    0    0    0    0    0 
  0    0    0    0    0    0    0    0    0    0    0    0    0    0   22   41   57   67   77   85   97  110  110  107  106  106  104  107  113  118  122  122  121  114  113  119  122  135  143  143  147  148  146  149  152  152  153  149  143  146  148  132   76   60   55   52   68   97  110  120  134  145  139  124  132  134  131  133  136  142  142  144  140  137  136  142  150  146  149  149  146  140  135  145  144  131  131  138  136  133  124  121  111   88  122  129  120  112  118  131  129  107   91  100   91   84   68   60    0    0    0    0    0    0    0    0    0    0    0    0 
  0    0    0    0    0    0    0    0    0    0    0    0    0    0   26   29   46   58   67   74   82   95  103  104  101  102  101   98  105  107  112  118  118  109   96   96  111  124  134  140  147  148  148  150  151  152  152  148  143  145  147  140   90   54   59   51   63   86  107  119  130  146  147  135  123  127  124  127  129  132  134  136  135  136  140  145  150  147  146  147  145  143  137  143  144  138  131  137  138  134  126  118  101   92  124  125  114  127  134  134  122  100  104  101   88   82   67   65   57    0    0    0    0    0    0    0    0    0    0    0 
  0    0    0    0    0    0    0    0    0    0    0    0    0    0    0   29   31   47   55   64   70   81   89   95   99  100  102   98  100  110  112  115  117  116  110  106  107  113  121  131  143  148  150  150  150  151  151  148  141  142  146  144  111   54   64   52   63   75  105  118  126  144  149  146  123  126  123  121  122  125  129  134  138  142  145  147  150  150  146  146  146  144  141  141  143  140  133  133  137  133  125  109   91  104  126  124  132  141  141  131  114  105  110   99   82   79   71   71   79   53   57   70   77   79   73   48    0    0    0    0 
  0    0    0    0    0    0    0    0    0    0    0    0    0    0    0   19   20   34   48   56   60   68   78   87   93   98  101  100   97  107  118  122  122  121  119  118  111  115  116  122  132  145  150  151  151  150  150  148  139  139  145  145  120   66   58   56   58   66  100  116  124  139  148  147  129  133  135  134  134  135  138  142  148  150  150  150  152  152  151  148  147  145  143  141  140  139  134  133  130  130  121   97   97  123  133  131  142  145  138  124  121  113  110   97   78   79   84   91   86   73   80   94  100  103   99   87   61    0    0    0 
  0    0    0    0    0    0    0    0    0    0    0    0    0    0    0    0    8   16   29   43   52   56   66   73   82   90   96   97   97   95  105  118  126  128  127  119  109  114  117  120  128  139  149  152  152  151  150  146  137  137  143  145  125   76   54   63   56   60   88  112  119  134  144  149  135  135  143  144  146  146  148  149  152  153  152  152  153  152  152  151  150  145  142  143  140  133  129  131  127  124  114   99  119  134  139  135  142  140  135  125  127  115  108   94   73   84  107  115  102   93  105  111  115  115  112   99   85   52    0    0 
  0    0    0    0    0    0    0    0    0    0    0    0    0    0    0    0    0    0   20   25   36   44   51   61   70   73   81   88   91   91   90   93  103  116  122  116  102  107  113  119  128  136  144  151  152  152  150  142  135  136  142  146  132   83   60   60   59   58   75  104  113  132  145  147  133  136  144  147  148  149  148  149  152  153  153  152  151  150  150  151  150  144  138  142  140  129  125  130  127  122  108  116  133  141  142  137  137  134  134  135  130  114  104   92   68   94  128  130  115  114  119  125  126  126  123  112   94   74    0    0 
  0    0    0    0    0    0    0    0    0    0    0    0    0    0    0    0    0    0    0   27   34   32   40   48   54   63   67   72   76   82   82   83   84   89  103  105   95  102  108  118  124  137  142  148  151  152  148  141  134  136  142  144  136   93   63   60   59   61   65   96  106  132  147  140  129  139  144  146  150  150  148  148  152  153  153  152  152  151  149  150  149  141  132  137  136  125  124  130  128  121  120  127  135  143  143  137  129  130  139  138  129  109  100   90   69  111  133  126  113  119  128  131  134  132  129  116  100   82    0    0 
  0    0    0    0    0    0    0    0    0    0    0    0    0    0    0    0    0    0    0    0   42   44   41   49   45   49   55   60   62   67   73   73   74   74   78   94   93   99  104  110  120  137  144  148  150  150  146  138  132  137  141  145  137   99   67   68   62   61   68   88  102  126  139  131  134  140  144  147  151  152  148  143  147  152  152  153  153  151  148  148  146  136  118  131  131  125  126  130  124  132  137  130  136  143  143  135  122  132  141  138  122  105   94   90   75  127  140  120  122  128  134  136  138  137  133  122  103   83   44    0 
  0    0    0    0    0    0    0    0    0    0    0    0    0    0    0    0    0    0    0    0    0   46   48   50   50   49   49   51   51   54   57   58   63   65   69   83   91   93  100  107  117  135  144  148  150  149  144  134  131  137  143  147  142   99   72   77   67   64   67   86  101  118  129  127  134  136  144  147  150  150  144  134  138  147  148  150  149  147  143  140  138  125  108  126  128  126  130  132  134  143  139  129  130  143  142  130  117  134  140  134  116   98   91   79  102  136  134  121  126  133  139  141  140  138  133  121  103   80   45    0 
  0    0    0    0    0    0    0    0    0    0    0    0    0    0    0    0    0    0    0    0    0    0   31   41   46   46   44   44   42   41   43   51   54   59   63   70   87   87   98  108  119  132  141  146  148  146  140  132  131  141  145  146  144  100   73   80   71   71   66   83  104  119  121  115  130  127  139  143  143  143  135  123  123  136  138  139  140  138  134  131  127  114  115  131  132  133  136  139  146  147  138  122  126  142  139  121  115  137  139  129  108   96   86   73  121  142  120  122  131  138  144  145  144  139  131  117  100   80   43    0 
  0    0    0    0    0    0    0    0    0    0    0    0    0    0    0    0    0    0    0    0    0    0    0   10   27   35   42   46   51   50   49   48   44   55   56   57   81   85   97  112  123  134  139  141  144  141  136  133  136  143  143  144  143  100   74   81   72   75   68   79  108  122  115  103  122  118  128  139  138  135  128  129  115  126  129  127  128  127  124  125  124  134  133  130  138  140  143  147  150  147  135  117  122  137  136  110  122  136  136  121  104   94   74   92  141  140  124  129  138  145  147  147  144  137  128  109   95   80   35    0 
  0    0    0    0    0    0    0    0    0    0    0    0    0    0    0    0    0    0    0    0    0    0    0    0    0   13   24   29   31   38   33   51   52   46   33   51   74   85   96  115  126  140  144  144  143  139  137  137  138  139  141  144  142   99   74   80   70   73   75   83  113  131  126  104  115  117  114  132  134  133  135  144  132  131  135  130  123  123  124  133  137  146  145  130  133  141  146  150  151  145  127  114  116  132  126  105  126  133  131  112   98   80   80  123  145  134  132  137  146  149  148  146  142  135  123   98   93   81    0    0 
  0    0    0    0    0    0    0    0    0    0    0    0    0    0    0    0    0    0    0    0    0    0    0    0    0    0    0    0   10   20   31   34   62   54   42   48   71   85   95  115  128  140  147  147  145  143  142  138  138  139  141  146  141   91   73   77   73   73   78   86  109  136  138  118  107  122  115  118  134  141  149  150  145  146  149  138  134  135  139  144  148  152  149  133  126  134  145  149  148  139  121  107  112  128  116  112  127  128  124  105   92   75   98  144  137  136  141  146  151  149  144  142  140  133  115   90   97   74    0    0 
  0    0    0    0    0    0    0    0    0    0    0    0    0    0    0    0    0    0    0    0    0    0    0    0    0    0    0    0    0    0    0    0    0    0   25   37   71   86   98  117  130  139  146  147  147  145  142  138  140  142  143  148  140   90   72   75   74   74   82   92  103  134  144  130  115  124  131  127  133  148  152  146  143  151  148  143  148  150  150  149  149  152  144  127  119  124  141  145  143  133  113  101  107  118  109  116  124  123  112   93   82   85  127  151  138  144  148  151  153  145  141  138  137  129  107   90   97   57    0    0 
  0    0    0    0    0    0    0    0    0    0    0    0    0    0    0    0    0    0    0    0    0    0    0    0    0    0    0    0    0    0    0    0    0   38   22   32   70   87  104  121  132  141  147  148  147  146  142  143  143  145  146  151  137   93   73   77   71   79   86   93  104  130  141  134  125  128  133  136  132  140  148  143  147  152  138  145  152  153  151  147  147  148  136  117  112  121  136  137  135  124  105   96  104  110  111  115  121  115  100   90   83   98  149  147  144  149  150  152  152  143  132  133  131  120  101   91   89   29    0    0 
  0    0    0    0    0    0    0    0    0    0    0    0    0    0    0    0    0    0    0    0    0    0    0    0    0    0    0    0    0    0    0    0    0   47   77   35   74   88  113  125  133  143  148  149  149  148  145  146  146  148  150  153  137   97   78   76   76   82   86   92  103  122  135  131  128  133  130  135  130  130  139  138  142  147  129  146  151  152  147  143  145  140  126  109  109  117  129  128  124  113   96   91   99  108  111  112  118  109   94   88   89  130  153  145  147  149  152  153  147  137  123  125  123  108   92   92   76    0    0    0 
  0    0    0    0    0    0    0    0    0    0    0    0    0    0    0    0    0    0    0    0    0    0    0    0    0    0    0    0    0    0    0    0    0   51   86   42   74   95  123  130  136  146  150  151  152  150  148  148  148  151  147  130  103   97   85   93   90   91   91   94   99  111  123  124  127  135  129  129  126  118  125  124  127  134  125  138  142  146  138  138  140  128  114  107  106  113  121  118  113  100   82   91   96  112  110  115  119  105   89   90  111  152  147  146  148  150  153  151  140  127  114  115  110   96   85   82   54    0    0    0 
  0    0    0    0    0    0    0    0    0    0    0    0    0    0    0    0    0    0    0    0    0    0    0    0    0    0    0    0    0    0    0    0    0   67   91   52   76  110  129  133  140  148  152  152  153  151  150  151  147  133   80   64   60   60   61   90  103  108  110  114  103  105  110  112  122  128  125  123  122  110  109  107  106  116  122  130  130  132  128  132  130  118  107  103  103  110  115  109   99   81   88  100  103  121  116  123  122   97   90   95  138  151  147  146  149  152  151  142  129  113  107  105   95   83   82   70    0    0    0    0 
  0    0    0    0    0    0    0    0    0    0    0    0    0    0    0    0    0    0    0    0    0    0    0    0    0    0    0    0    0    0    0    0   14   78   94   49  101  119  130  137  141  148  152  153  153  151  150  148  121   58   71   77   66   62   67   69   74   91  131  139  118  111  111  104  111  114  114  114  114  107   99   97   93  100  114  123  120  119  121  125  121  112  102  100  104  110  108  103   90   94  110  111  119  133  126  129  117   88   90  117  148  149  147  148  149  150  143  129  114  104   99   96   85   82   72   41    0    0    0    0 
  0    0    0    0    0    0    0    0    0    0    0    0    0    0    0    0    0    0    0    0    0    0    0    0    0    0    0    0    0    0    0    0   26   62   83  103  105  117  132  137  140  147  149  151  152  151  146  117   58   83   93   76   60   83   92   92   85   86   86   95  121  151  147  125  108  104   99   96  102  101   98   96   93   93   99  108  110  113  117  118  114  106   99   99  106  107  110  111  114  133  129  125  135  138  130  126  101   82   99  129  146  145  144  146  146  140  124  111  100   94   94   86   83   69   50    0    0    0    0    0 
  0    0    0    0    0    0    0    0    0    0    0    0    0    0    0    0    0    0    0    0    0    0    0    0    0    0    0    0    0   25   58   71   84   88   88   93  106  117  127  130  138  145  144  145  149  149  127   60   77  100   72   62   94  118  117  110  109  106  106  105  107  110  125  147  132  112   98   87   94   97   95   93   93   91   88   93   96  105  109  106  100   96   90   98  109  125  130  138  140  144  137  134  138  135  127  113   87   81  114  141  141  140  140  139  135  121  102   94   88   90   82   79   64   45    0    0    0    0    0    0 
  0    0    0    0    0    0    0    0    0    0    0    0    0    0    0    0    0    0    0    0    0    0    0    0    0    0    0   23   62   86   92  102  102  102  102  105  109  116  121  123  132  141  142  143  147  143   77   71  100   69   73   99  127  132  113  116  131  133  130  128  125  126  123  123  129  137  145  152  141  110   94   89  105  104   90   85   85   89   92   90   91   93   98  128  134  148  149  144  140  139  132  131  133  128  113   95   72   96  127  137  136  133  132  125  107   96   81   82   85   77   71   60   35    0    0    0    0    0    0    0 
  0    0    0    0    0    0    0    0    0    0    0    0    0    0    0    0    0    0    0    0    0    0    0    0    0    0   35   63  101  110  114  118  116  118  119  118  120  122  123  129  132  139  145  147  148  110   59   95   68   79  102  125  135  110  105  133  143  146  144  141  138  138  139  136  135  137  138  143  141  145  149  152  140  121  105   90   83   81   81   85  116  111  139  150  152  150  148  145  141  137  132  130  125  108   94   74   77  105  125  131  128  124  117  110   95   79   77   78   70   60   50   19    0    0    0    0    0    0    0    0 
  0    0    0    0    0    0    0    0    0    0    0    0    0    0    0    0    0    0    0    0    0    0    0    0    0   13   54   95  118  118  121  131  131  132  130  131  134  136  136  141  138  142  147  148   57   68   85   88   73  100  122  124  111  103  127  143  149  150  149  147  145  144  145  146  145  145  144  143  144  145  147  148  147  150  152  153  152  150  150  149  145  153  152  152  152  152  151  147  140  134  132  129  109   83   74   69   89  114  125  123  119  113  104   90   77   70   67   60   45   37    0    0    0    0    0    0    0    0    0    0 
  0    0    0    0    0    0    0    0    0    0    0    0    0    0    0    0    0    0    0    0    0    0    0    0   86   54   63  111  115  114  131  140  142  143  140  139  142  145  147  147  146  146  147  144  111   69   94   60   95  120  129  108  112  134  144  151  152  150  149  149  147  147  147  148  148  149  149  149  149  149  149  148  148  150  152  152  153  153  153  152  153  153  153  153  153  152  151  146  137  131  131  113   87   58   63   81  102  115  119  114  107   97   83   72   63   56   43   33   17    0    0    0    0    0    0    0    0    0    0    0 
  0    0    0    0    0    0    0    0    0    0    0    0    0    0    0    0    0    0    0    0    0    0    0   88   97   60   93  111  107  124  141  147  148  147  145  142  145  148  149  148  148  149  146  145   87   80   90   69  105  129  119  108  134  145  151  153  152  150  149  148  147  146  148  147  148  148  149  148  149  149  149  149  149  150  152  152  152  153  153  153  153  153  152  151  151  150  147  141  132  131  119   97   62   54   72   87   95  100  104  103   87   73   62   52   42   33   17    0    0    0    0    0    0    0    0    0    0    0    0    0 
  0    0    0    0    0    0    0    0    0    0    0    0    0    0    0    0    0    0    0    0    0    0   81   99   49   51  102  105  113  134  147  151  152  151  147  144  146  149  149  147  147  147  147  147   78   82   84   74  107  129  109  118  142  149  152  153  152  150  149  147  146  146  148  148  147  147  149  149  149  150  149  149  149  150  152  151  152  152  152  152  152  152  151  150  150  149  145  136  128  126   86   65   39   55   68   74   76   86   85   70   59   49   38   27   18    0    0    0    0    0    0    0    0    0    0    0    0    0    0    0 
  0    0    0    0    0    0    0    0    0    0    0    0    0    0    0    0    0    0    0    0    0    0   94   98   61   76  102  105  122  141  147  150  152  152  149  148  148  150  150  149  148  145  149  150   83   87   82   75  108  124  102  126  145  148  151  153  152  150  149  146  144  146  149  149  148  148  150  150  150  149  150  149  149  150  151  151  152  152  152  152  152  151  151  151  151  147  140  124  114   94   57   30   38   49   54   58   66   64   50   45   36   26   15    0    0    0    0    0    0    0    0    0    0    0    0    0    0    0    0    0 
  0    0    0    0    0    0    0    0    0    0    0    0    0    0    0    0    0    0    0    0    0    0   93   86   56   88  101  106  127  137  140  144  143  143  147  146  150  151  151  149  146  143  147  153   88   87   79   79   88  111  108  114  134  136  137  143  144  140  145  137  137  138  144  147  141  147  148  144  149  148  149  149  147  147  150  151  151  151  152  153  147  146  151  152  142  129  118   96   74   46   22   23   43   47   48   46   43   36   27   19   22    0    0    0    0    0    0    0    0    0    0    0    0    0    0    0    0    0    0    0 
  0    0    0    0    0    0    0    0    0    0    0    0    0    0    0    0    0    0    0    0    0   52   89   82   35   71   83   86   96  105  100   97   97   97   91  104   77   79   75   82   98   86   95  104   90   62   55   54   57   69   66   76   77   83   79   77   82   78   79   90   89   99   91   95   94   94   97   99   99  106   98   94  103  107   93  100  106  113   72   83  100  104   72   74   75   66   54   38   20   14   25   36   37   35   31   21   20   19    8    0    0    0    0    0    0    0    0    0    0    0    0    0    0    0    0    0    0    0    0    0 
  0    0    0    0    0    0    0    0    0    0    0    0    0    0    0    0    0    0    0    0    0    0    0   25   27   30    0    0    0    0    0    0    0    0    0    3    3    7   11   13   14   17    8    0    0    0    0    4    0    3   12   20   62   63   63   69   68   67   69   65   73   64   59   48   51   45   37   40   31   36   38   21   24   24   29    0    2    9    3   21   16   25   25   28   32    0    0    0    0    0    0    0    0    0    0    0    0    0    0    0    0    0    0    0    0    0    0    0    0    0    0    0    0    0    0    0    0    0    0    0 
  0    0    0    0    0    0    0    0    0    0    0    0    0    0    0    0    0    0    0    0    0    0    0    0    0    0    0    0    0    0    0    0    0    0    0    0    0    0    0    0    0    0    0    0    0    0    0    0    0    0    0    0    0    0    0    0    0    0    0    0    0    0    0    0    0    0    0    0    0    0    0    0    0    0    0    0    0    0    0    0    0    0    0    0    0    0    0    0    0    0    0    0    0    0    0    0    0    0    0    0    0    0    0    0    0    0    0    0    0    0    0    0    0    0    0    0    0    0    0    0 
  0    0    0    0    0    0    0    0    0    0    0    0    0    0    0    0    0    0    0    0    0    0    0    0    0    0    0    0    0    0    0    0    0    0    0    0    0    0    0    0    0    0    0    0    0    0    0    0    0    0    0    0    0    0    0    0    0    0    0    0    0    0    0    0    0    0    0    0    0    0    0    0    0    0    0    0    0    0    0    0    0    0    0    0    0    0    0    0    0    0    0    0    0    0    0    0    0    0    0    0    0    0    0    0    0    0    0    0    0    0    0    0    0    0    0    0    0    0    0    0 
  0    0    0    0    0    0    0    0    0    0    0    0    0    0    0    0    0    0    0    0    0    0    0    0    0    0    0    0    0    0    0    0    0    0    0    0    0    0    0    0    0    0    0    0    0    0    0    0    0    0    0    0    0    0    0    0    0    0    0    0    0    0    0    0    0    0    0    0    0    0    0    0    0    0    0    0    0    0    0    0    0    0    0    0    0    0    0    0    0    0    0    0    0    0    0    0    0    0    0    0    0    0    0    0    0    0    0    0    0    0    0    0    0    0    0    0    0    0    0    0 
  0    0    0    0    0    0    0    0    0    0    0    0    0    0    0    0    0    0    0    0    0    0    0    0    0    0    0    0    0    0    0    0    0    0    0    0    0    0    0    0    0    0    0    0    0    0    0    0    0    0    0    0    0    0    0    0    0    0    0    0    0    0    0    0    0    0    0    0    0    0    0    0    0    0    0    0    0    0    0    0    0    0    0    0    0    0    0    0    0    0    0    0    0    0    0    0    0    0    0    0    0    0    0    0    0    0    0    0    0    0    0    0    0    0    0    0    0    0    0    0 
  0    0    0    0    0    0    0    0    0    0    0    0    0    0    0    0    0    0    0    0    0    0    0    0    0    0    0    0    0    0    0    0    0    0    0    0    0    0    0    0    0    0    0    0    0    0    0    0    0    0    0    0    0    0    0    0    0    0    0    0    0    0    0    0    0    0    0    0    0    0    0    0    0    0    0    0    0    0    0    0    0    0    0    0    0    0    0    0    0    0    0    0    0    0    0    0    0    0    0    0    0    0    0    0    0    0    0    0    0    0    0    0    0    0    0    0    0    0    0    0 
  0    0    0    0    0    0    0    0    0    0    0    0    0    0    0    0    0    0    0    0    0    0    0    0    0    0    0    0    0    0    0    0    0    0    0    0    0    0    0    0    0    0    0    0    0    0    0    0    0    0    0    0    0    0    0    0    0    0    0    0    0    0    0    0    0    0    0    0    0    0    0    0    0    0    0    0    0    0    0    0    0    0    0    0    0    0    0    0    0    0    0    0    0    0    0    0    0    0    0    0    0    0    0    0    0    0    0    0    0    0    0    0    0    0    0    0    0    0    0    0 
