  0    0    0    0    0    0    0    0    0    0    0    0    0    0    0    0    0    0    0    0    0    0    0    0    0    0    0    0    0    0    0    0    0    0    0    0    0    0    0    0    0    0    0    0    0    0    0    0    0    0    0    0    0    0    0    0    0    0    0    0    0    0    0    0    0    0    0    0    0    0    0    0    0    0    0    0    0    0    0    0    0    0    0    0    0    0    0    0    0    0    0    0    0    0    0    0    0    0    0    0    0    0    0    0    0    0    0    0    0    0    0    0    0    0    0    0    0    0    0    0 
  0    0    0    0    0    0    0    0    0    0    0    0    0    0    0    0    0    0    0    0    0    0    0    0    0    0    0    0    0    0    0    0    0    0    0    0    0    0    0    0    0    0    0    0    0    0    0    0    0    0    0    0    0    0    0    0    0    0    0    0    0    0    0    0    0    0    0    0    0    0    0    0    0    0    0    0    0    0    0    0    0    0    0    0    0    0    0    0    0    0    0    0    0    0    0    0    0    0    0    0    0    0    0    0    0    0    0    0    0    0    0    0    0    0    0    0    0    0    0    0 
  0    0    0    0    0    0    0    0    0    0    0    0    0    0    0    0    0    0    0    0    0    0    0    0    0    0    0    0    0    0    0    0    0    0    0    0    0    0    0    0    0    0    0    0    0    0    0    0    0    0    0    0    0    0    0    0    0    0    0    0    0    0    0    0    0    0    0    0    0    0    0    0    0    0    0    0    0    0    0    0    0    0    0    0    0    0    0    0    0    0    0    0    0    0    0    0    0    0    0    0    0    0    0    0    0    0    0    0    0    0    0    0    0    0    0    0    0    0    0    0 
  0    0    0    0    0    0    0    0    0    0    0    0    0    0    0    0    0    0    0    0    0    0    0    0    0    0    0    0    0    0    0    0    0    0    0    0    0    0    0    0    0    0    0    0    0    0    0    0    0    0    0    0    0    0    0    0    0    0    0    0    0    0    0    0    0    0    0    0    0    0    0    0    0    0    0    0    0    0    0    0    0    0    0    0    0    0    0    0    0    0    0    0    0    0    0    0    0    0    0    0    0    0    0    0    0    0    0    0    0    0    0    0    0    0    0    0    0    0    0    0 
  0    0    0    0    0    0    0    0    0    0    0    0    0    0    0    0    0    0    0    0    0    0    0    0    0    0    0    0    0    0    0    0    0    0    0    0    0    0    0    0    0    0    0    0    0    0    0    0    0    0    0    0    0    0    0    0    0    0    0    0    0    0    0    0    0    0    0    0    0    0    0    0    0    0    0    0    0    0    0    0    0    0    0    0    0    0    0    0    0    0    0    0    0    0    0    0    0    0    0    0    0    0    0    0    0    0    0    0    0    0    0    0    0    0    0    0    0    0    0    0 
  0    0    0    0    0    0    0    0    0    0    0    0    0    0    0    0    0    0    0    0    0    0    0    0    0    0    0    0    0    0    0    0    0    0    0    0    0    0    0    0    0    0    0    0    0    0    0    0    0    0    0    0    0    0    0    0    0    0    0    0   83   44    0    0    0    0    0    0    0    0    0    0    0    0    0    0    0    0    0    0    0    0    0    0    0    0    0    0    0    0    0    0    0    0    0    0    0    0    0    0    0    0    0    0    0    0    0    0    0    0    0    0    0    0    0    0    0    0    0    0 
  0    0    0    0    0    0    0    0    0    0    0    0    0    0    0    0    0    0    0    0    0    0    0    0    0    0    0    0    0    0    0    0    0    0    0    0    0    0    0    0    0    0    0    0    0    0    0    0    0    0    0    0    0    0    0    0    0  121  111  104  100   97   80    0    0    0    0    0    0    0    0    0    0    0    0    0    0    0    0    0    0    0    0    0    0    0    0    0    0    0    0    0    0    0    0    0    0    0    0    0    0    0    0    0    0    0    0    0    0    0    0    0    0    0    0    0    0    0    0    0 
  0    0    0    0    0    0    0    0    0    0    0    0    0    0    0    0    0    0    0    0    0    0    0    0    0    0    0    0    0    0    0    0    0    0    0    0    0    0    0    0    0    0    0    0    0    0    0    0    0    0    0    0    0    0    0   47  106  132  111   97   97   98   99   58    0    0    0    0    0    0    0    0    0    0    0    0    0    0    0    0    0    0    0    0    0    0    0    0    0    0    0    0    0    0    0    0    0    0    0    0    0    0    0    0    0    0    0    0    0    0    0    0    0    0    0    0    0    0    0    0 
  0    0    0    0    0    0    0    0    0    0    0    0    0    0    0    0    0    0    0    0    0    0    0    0    0    0    0    0    0    0    0    0    0    0    0    0    0    0    0    0    0    0    0    0    0    0    0    0    0    0    0    0    0   54   91  131  115  112   98   97   98  103  109   91   77    0    0    0    0    0    0    0    0    0    0    0    0    0    0    0    0    0    0    0    0    0    0    0    0    0    0    0    0    0    0    0    0    0    0    0    0    0    0    0    0    0    0    0    0    0    0    0    0    0    0    0    0    0    0    0 
  0    0    0    0    0    0    0    0    0    0    0    0    0    0    0    0    0    0    0    0    0    0    0    0    0    0    0    0    0    0    0    0    0    0    0    0    0    0    0    0    0    0    0    0    0    0    0    0    0    0    0    0  123  118  124  114  104   98   97  106  109  111  114  110   82   85    0    0    0    0    0    0    0    0    0    0    0    0    0    0    0    0    0    0    0    0    0    0    0    0    0    0    0    0    0    0    0    0    0    0    0    0    0    0    0    0    0    0    0    0    0    0    0    0    0    0    0    0    0    0 
  0    0    0    0    0    0    0    0    0    0    0    0    0    0    0    0    0    0    0    0    0    0    0    0    0    0    0    0    0    0    0    0    0    0    0    0    0    0    0    0    0    0    0    0    0    0    0    0    0    0   57  129  120  116  108   99   98   99  109  116  118  115  117  113  101   88    0    0    0    0    0    0    0    0    0    0    0    0    0    0    0    0    0    0    0    0    0    0    0    0    0    0    0    0    0    0    0    0    0    0    0    0    0    0    0    0    0    0    0    0    0    0    0    0    0    0    0    0    0    0 
  0    0    0    0    0    0    0    0    0    0    0    0    0    0    0    0    0    0    0    0    0    0    0    0    0    0    0    0    0    0    0    0    0    0    0    0    0    0    0    0    0    0    0    0    0    0    0    0   51   90  112  129  117  102   99   98  102  111  120  124  123  121  120  115  111   96   59    0    0    0    0    0    0    0    0    0    0    0    0    0    0    0    0    0    0    0    0    0    0    0    0    0    0    0    0    0    0    0    0    0    0    0    0    0    0    0    0    0    0    0    0    0    0    0    0    0    0    0    0    0 
  0    0    0    0    0    0    0    0    0    0    0    0    0    0    0    0    0    0    0    0    0    0    0    0    0    0    0    0    0    0    0    0    0    0    0    0    0    0    0    0    0    0    0    0    0    0   41   71  106  127  122  114  101   96   94  104  113  123  126  129  126  127  124  118  111  104   80    0    0    0    0    0    0    0    0    0    0    0    0    0    0    0    0    0    0    0    0    0    0    0    0    0    0    0    0    0    0    0    0    0    0    0    0    0    0    0    0    0    0    0    0    0    0    0    0    0    0    0    0    0 
  0    0    0    0    0    0    0    0    0    0    0    0    0    0    0    0    0    0    0    0    0    0    0    0    0    0    0    0    0    0    0    0    0    0    0    0    0    0    0    0    0    0    0    0    0   65   94  123  131  129  111   99   94   93  104  116  124  129  130  130  130  130  126  124  112  106   89    0    0    0    0    0    0    0    0    0    0    0    0    0    0    0    0    0    0    0    0    0    0    0    0    0    0    0    0    0    0    0    0    0    0    0    0    0    0    0    0    0    0    0    0    0    0    0    0    0    0    0    0    0 
  0    0    0    0    0    0    0    0    0    0    0    0    0    0    0    0    0    0    0    0    0    0    0    0    0    0    0    0    0    0    0    0    0    0    0    0    0    0    0    0    0    0    0   58   83  109  128  138  129  107   96   94   96  105  121  126  130  132  131  132  132  130  129  126  118  108   96   61    0    0    0    0    0    0    0    0    0    0    0    0    0    0    0    0    0    0    0    0    0    0    0    0    0    0    0    0    0    0    0    0    0    0    0    0    0    0    0    0    0    0    0    0    0    0    0    0    0    0    0    0 
  0    0    0    0    0    0    0    0    0    0    0    0    0    0    0    0    0    0    0    0    0    0    0   69   81   82   83   83   83   63    0    0    0    0    0    0    0    0    0    0    0   23   74   98  121  134  140  130  106   95   88   98  111  122  128  128  131  134  131  132  131  129  128  126  121  110   97   65    0    0    0    0    0    0    0    0    0    0    0    0    0    0    0    0    0    0    0    0    0    0    0    0    0    0    0    0    0    0    0    0    0    0    0    0    0    0    0    0    0    0    0    0    0    0    0    0    0    0    0    0 
  0    0    0    0    0    0    0    0    0    0    0    0    0    0    0    0    0    0    0    0    0   41   63   70   72   76   82   83   83   85   80    0    0    0    0    0    0    0    0    0   62   92  113  128  139  142  131  109   93   90   99  117  125  128  131  130  132  133  130  129  129  127  125  123  119  113   98   67    0    0    0    0    0    0    0    0    0    0    0    0    0    0    0    0    0    0    0    0    0    0    0    0    0    0    0    0    0    0    0    0    0    0    0    0    0    0    0    0    0    0    0    0    0    0    0    0    0    0    0    0 
  0    0    0    0    0    0    0    0    0    0    0    0    0    0    0    0    0    0    0    0    0   59   62   60   65   58   69   75   81   81   79   73    0    0    0    0    0    0    0   76  105  121  135  141  145  135  106   93   90  105  123  128  128  130  129  129  129  128  127  125  124  122  120  118  116  111   98   64    0    0    0    0    0    0    0    0    0    0    0    0    0    0    0    0    0    0    0    0    0    0    0    0    0    0    0    0    0    0    0    0    0    0    0    0    0    0    0    0    0    0    0    0    0    0    0    0    0    0    0    0 
  0    0    0    0    0    0    0    0    0    0    0    0    0    0    0    0    0    0    0    0   39   49   42   40   40   38   50   57   71   73   76   75   49    0    0    0    0    0   82  113  129  137  143  144  137  114   93   92  110  124  130  130  128  126  124  123  122  121  119  119  117  116  113  110  109  108  100   56    0    0    0    0    0    0    0    0    0    0    0    0    0    0    0    0    0    0    0    0    0    0    0    0    0    0    0    0    0    0    0    0    0    0    0    0    0    0    0    0    0    0    0    0    0    0    0    0    0    0    0    0 
  0    0    0    0    0    0    0    0    0    0    0    0    0    0    0    0    0    0    0    0   39   40   48   56   56   55   46   34   50   58   68   69   56    0    0    0   52   90  109  125  136  143  144  137  118   96  104  116  126  127  126  125  121  117  114  112  112  112  112  111  109  108  108  107  105  108   93   29    0    0    0    0    0    0    0    0    0    0    0    0    0    0    0    0    0    0    0    0    0    0    0    0    0    0    0    0    0    0    0    0    0    0    0    0    0    0    0    0    0    0    0    0    0    0    0    0    0    0    0    0 
  0    0    0    0    0    0    0    0    0    0    0    0    0    0    0    0    0    0    0    0   35   49   56   63   63   59   56   49   38   48   57   62   51    0    0   70   94  107  122  132  139  142  139  121  105  113  124  126  125  119  116  113  107  104  101  101  100  100  100   99   97   98  105  113  111  104   72    0    0    0    0    0    0    0    0    0    0    0    0    0    0    0    0    0    0    0    0    0    0    0    0    0    0    0    0    0    0    0    0    0    0    0    0    0    0    0    0    0    0    0    0    0    0    0    0    0    0    0    0    0 
  0    0    0    0    0    0    0    0    0    0    0    0    0    0    0    0    0    0    0    0   36   49   61   67   67   64   60   54   47   33   43   53   45    0   72   98  109  124  131  136  139  136  125  111  122  131  126  112  101   96   95   94   91   87   85   86   85   81   84   88   98  107   95  111  102   74    0    0    0    0    0    0    0    0    0    0    0    0    0    0    0    0    0    0    0    0    0    0    0    0    0    0    0    0    0    0    0    0    0    0    0    0    0    0    0    0    0    0    0    0    0    0    0    0    0    0    0    0    0    0 
  0    0    0    0    0    0    0    0    0    0    0    0    0    0    0    0    0    0   38   41   46   46   51   46   45   40   36   31   49   41   29   41   37   80   97  110  124  133  138  139  135  124  119  118  128  114  101   97   99   78   66   66   69   82   94   97  107  115  130  130  122  105  103   71   29    0    0    0    0    0    0    0    0    0    0    0    0    0    0    0    0    0    0    0    0    0    0    0    0    0    0    0    0    0    0    0    0    0    0    0    0    0    0    0    0    0    0    0    0    0    0    0    0    0    0    0    0    0    0    0 
  0    0    0    0    0    0    0    0    0    0    0    0    0   33   45   53   60   67   69   69   68   71   72   78   83   86   87   83   80   71   61   37   66   84  102  122  134  138  141  135  124  129  129  106  109  112  135  145  136  130  145  140  139  134  132  124  121  117  117  107   98   60   46    0    0    0    0    0    0    0    0    0    0    0    0    0    0    0    0    0    0    0    0    0    0    0    0    0    0    0    0    0    0    0    0    0    0    0    0    0    0    0    0    0    0    0    0    0    0    0    0    0    0    0    0    0    0    0    0    0 
  0    0    0    0    0    0    0    0    0    0    0   44   54   62   65   73   76   78   79   84   89   94  100  107  112  120  120  118  113  106   98   85   61   53  100  124  136  140  141  130  123  133  132  134  146  143  139  136  130  126  129  125  124  119  117  106   98   87   67   46    1    0    0    0    0    0    0    0    0    0    0    0    0    0    0    0    0    0    0    0    0    0    0    0    0    0    0    0    0    0    0    0    0    0    0    0    0    0    0    0    0    0    0    0    0    0    0    0    0    0    0    0    0    0    0    0    0    0    0    0 
  0    0    0    0    0    0    0    0    0   44   58   61   66   69   77   81   83   87   93   98  104  111  117  122  127  132  134  131  121  107   91   88   86   48   47  107  131  139  139  134  130  138  141  147  134  132  126  128  124  121  119  114  106   96   86   72   38    0    0    0    0    0    0    0    0    0    0    0    0    0    0    0    0    0    0    0    0    0    0    0    0    0    0    0    0    0    0    0    0    0    0    0    0    0    0    0    0    0    0    0    0    0    0    0    0    0    0    0    0    0    0    0    0    0    0    0    0    0    0    0 
  0    0    0    0    0    0    0   36   47   59   67   69   75   82   87   92   98  103  106  111  114  117  119  124  131  139  142  139  120   91   93   89   88   66   39   66  123  137  139  135  134  140  136  132  126  126  124  123  119  115  108   95   75   60   28    0    0    0    0    0    0    0    0    0    0    0    0    0    0    0    0    0    0    0    0    0    0    0    0    0    0    0    0    0    0    0    0    0    0    0    0    0    0    0    0    0    0    0    0    0    0    0    0    0    0    0    0    0    0    0    0    0    0    0    0    0    0    0    0    0 
  0    0    0    0    0    0   36   50   52   66   72   76   81   90   96  103  109  112  114  117  119  119  120  118  131  140  145  141  117   74  104   91   80   65   45   46   95  129  134  130  131  133  128  124  122  123  116  115  103   90   68   15    0    0    0    0    0    0    0    0    0    0    0    0    0    0    0    0    0    0    0    0    0    0    0    0    0    0    0    0    0    0    0    0    0    0    0    0    0    0    0    0    0    0    0    0    0    0    0    0    0    0    0    0    0    0    0    0    0    0    0    0    0    0    0    0    0    0    0    0 
  0    0    0    0    0    0   49   37   56   72   77   80   87   96  105  111  115  118  120  120  122  120  116  114  121  139  145  138  107   87  121  108   68   63   48   47   81  119  125  123  127  127  122  120  114  111  104   90   68    1    0    0    0    0    0    0    0    0    0    0    0    0    0    0    0    0    0    0    0    0    0    0    0    0    0    0    0    0    0    0    0    0    0    0    0    0    0    0    0    0    0    0    0    0    0    0    0    0    0    0    0    0    0    0    0    0    0    0    0    0    0    0    0    0    0    0    0    0    0    0 
  0    0    0    0    0    0   50   41   65   78   81   85   93  103  112  116  122  124  126  125  124  121  112  108  112  130  140  135   95  105  130  118   81   50   48   48   81  107  113  119  120  115  114  102   96   77   56    0    0    0    0    0    0    0    0    0    0    0    0    0    0    0    0    0    0    0    0    0    0    0    0    0    0    0    0    0    0    0    0    0    0    0    0    0    0    0    0    0    0    0    0    0    0    0    0    0    0    0    0    0    0    0    0    0    0    0    0    0    0    0    0    0    0    0    0    0    0    0    0    0 
  0    0    0    0    0    0   39   57   74   83   85   87  100  110  120  123  128  129  129  129  126  120  112  100  105  122  132  131   90  111  133  122   91   47   44   50   76   94  106  109  105   99   83   73   41    0    0    0    0    0    0    0    0    0    0    0    0    0    0    0    0    0    0    0    0    0    0    0    0    0    0    0    0    0    0    0    0    0    0    0    0    0    0    0    0    0    0    0    0    0    0    0    0    0    0    0    0    0    0    0    0    0    0    0    0    0    0    0    0    0    0    0    0    0    0    0    0    0    0    0 
  0    0    0    0    0    0   24   67   77   86   87   95  107  118  125  128  130  131  132  130  123  120  109   97   97  110  124  122   84  118  128  120   94   61   37   59   70   80   99   90   78   61   37    0    0    0    0    0    0    0    0    0    0    0    0    0    0    0    0    0    0    0    0    0    0    0    0    0    0    0    0    0    0    0    0    0    0    0    0    0    0    0    0    0    0    0    0    0    0    0    0    0    0    0    0    0    0    0    0    0    0    0    0    0    0    0    0    0    0    0    0    0    0    0    0    0    0    0    0    0 
  0    0    0    0    0    0   45   69   79   87   90  102  112  122  127  130  132  133  133  130  124  113  104   95   92   98  112  109  102  126  125  117  104   78   38   69   58   61   71   51   50    0    0    0    0    0    0    0    0    0    0    0    0    0    0    0    0    0    0    0    0    0    0    0    0    0    0    0    0    0    0    0    0    0    0    0    0    0    0    0    0    0    0    0    0    0    0    0    0    0    0    0    0    0    0    0    0    0    0    0    0    0    0    0    0    0    0    0    0    0    0    0    0    0    0    0    0    0    0    0 
  0    0    0    0    0    0   50   67   83   91   95  108  119  126  130  132  134  134  133  128  121  108  101   92   88   89  109  117  134  137  127  117  108   87   43   68   51   42   38    0    0    0    0    0    0    0    0    0    0    0    0    0    0    0    0    0    0    0    0    0    0    0    0    0    0    0    0    0    0    0    0    0    0    0    0    0    0    0    0    0    0    0    0    0    0    0    0    0    0    0    0    0    0    0    0    0    0    0    0    0    0    0    0    0    0    0    0    0    0    0    0    0    0    0    0    0    0    0    0    0 
  0    0    0    0    0    0   55   72   85   94  101  112  123  130  133  135  135  135  133  125  120  106   97   91   85   88  118  129  136  135  128  121  108   89   49   71   57   42    0    0    0    0    0    0    0    0    0    0    0    0    0    0    0    0    0    0    0    0    0    0    0    0    0    0    0    0    0    0    0    0    0    0    0    0    0    0    0    0    0    0    0    0    0    0    0    0    0    0    0    0    0    0    0    0    0    0    0    0    0    0    0    0    0    0    0    0    0    0    0    0    0    0    0    0    0    0    0    0    0    0 
  0    0    0    0    0    0   54   73   90   97  105  120  128  135  137  137  138  136  134  125  115  104   94   88   86   97  112  123  121  121  119  117  107   93   63   65   62   42    0    0    0    0    0    0    0    0    0    0    0    0    0    0    0    0    0    0    0    0    0    0    0    0    0    0    0    0    0    0    0    0    0    0    0    0    0    0    0    0    0    0    0    0    0    0    0    0    0    0    0    0    0    0    0    0    0    0    0    0    0    0    0    0    0    0    0    0    0    0    0    0    0    0    0    0    0    0    0    0    0    0 
  0    0    0    0    0   22   55   74   94  100  112  123  134  139  141  139  137  137  133  125  111  105   91   87   92  104  113  118  117  112  110  110  105   95   76   57   63   45    0    0    0    0    0    0    0    0    0    0    0    0    0    0    0    0    0    0    0    0    0    0    0    0    0    0    0    0    0    0    0    0    0    0    0    0    0    0    0    0    0    0    0    0    0    0    0    0    0    0    0    0    0    0    0    0    0    0    0    0    0    0    0    0    0    0    0    0    0    0    0    0    0    0    0    0    0    0    0    0    0    0 
  0    0    0    0    0   38   53   77   98  105  118  129  139  144  146  142  137  138  132  124  113  104   91   86   95  110  115  120  121  118  110  108  109  101   86   68   52   50    0    0    0    0    0    0    0    0    0    0    0    0    0    0    0    0    0    0    0    0    0    0    0    0    0    0    0    0    0    0    0    0    0    0    0    0    0    0    0    0    0    0    0    0    0    0    0    0    0    0    0    0    0    0    0    0    0    0    0    0    0    0    0    0    0    0    0    0    0    0    0    0    0    0    0    0    0    0    0    0    0    0 
  0    0    0    0    0   49   54   84  103  110  123  137  145  149  149  146  140  139  135  123  114  102   95   85   92  109  121  127  127  125  119  110  107  109  100   80   69   48   38    0    0    0    0    0    0    0    0    0    0    0    0    0    0    0    0    0    0    0    0    0    0    0    0    0    0    0    0    0    0    0    0    0    0    0    0    0    0    0    0    0    0    0    0    0    0    0    0    0    0    0    0    0    0    0    0    0    0    0    0    0    0    0    0    0    0    0    0    0    0    0    0    0    0    0    0    0    0    0    0    0 
  0    0    0    0    0   59   56   89  105  113  129  142  148  152  152  149  145  140  135  125  113  104   93   86   87  102  122  131  130  127  122  116  109  109  108   95   73   67   48    0    0    0    0    0    0    0    0    0    0    0    0    0    0    0    0    0    0    0    0    0    0    0    0    0    0    0    0    0    0    0    0    0    0    0    0    0    0    0    0    0    0    0    0    0    0    0    0    0    0    0    0    0    0    0    0    0    0    0    0    0    0    0    0    0    0    0    0    0    0    0    0    0    0    0    0    0    0    0    0    0 
  0    0    0    0    0   63   66   90  106  115  130  142  149  152  153  152  148  143  136  127  116  108   97   87   85   92  116  127  127  126  121  119  117  111  109  104   86   68   65   38    0    0    0    0    0    0    0    0    0    0    0    0    0    0    0    0    0    0    0    0    0    0    0    0    0    0    0    0    0    0    0    0    0    0    0    0    0    0    0    0    0    0    0    0    0    0    0    0    0    0    0    0    0    0    0    0    0    0    0    0    0    0    0    0    0    0    0    0    0    0    0    0    0    0    0    0    0    0    0    0 
  0    0    0    0   47   73   81   88  106  114  129  138  146  148  151  152  149  146  140  132  121  113  104   93   84   89  112  125  130  128  119  115  119  118  114  103   95   79   67   62    0    0    0    0    0    0    0    0    0    0    0    0    0    0    0    0    0    0    0    0    0    0    0    0    0    0    0    0    0    0    0    0    0    0    0    0    0   24    0    0    0    0    0    0    0    0    0    0    0    0    0    0    0    0    0    0    0    0    0    0    0    0    0    0    0    0    0    0    0    0    0    0    0    0    0    0    0    0    0    0 
  0    0    0    0   65   94   95   95  105  110  124  134  139  145  148  147  149  148  145  138  127  116  108   99   88   89  109  128  136  135  124  110  115  120  117  112   94   84   71   63   53    0    0    0    0    0    0    0    0    0    0    0    0    0    0    0    0    0    0    0    0    0    0    0    0    0    0   34   45   59   59   59   64   70   74   76   75   76   74   70   64   55   46   24    0    0    0    0    0    0    0    0    0    0    0    0    0    0    0    0    0    0    0    0    0    0    0    0    0    0    0    0    0    0    0    0    0    0    0    0 
  0    0    0   33   79  101  105  115  110  106  112  126  134  138  140  144  149  151  150  144  134  123  110   98   90   90  105  128  138  139  130  114  112  117  115  116  101   84   77   67   70   41    0    0    0    0    0    0    0    0    0    0    0    0    0    0    0    0    0    0    0    0    0   27   47   56   61   73   76   78   80   84   85   81   78   81   81   81   84   85   85   83   80   70   54   39    0    0    0    0    0    0    0    0    0    0    0    0    0    0    0    0    0    0    0    0    0    0    0    0    0    0    0    0    0    0    0    0    0    0 
  0    0    0   50   88  103  114  133  129  120  106  112  126  127  135  144  149  152  152  150  139  131  113   99   88   88  100  129  141  143  136  121  114  112  113  111  107   91   77   74   64   87   63   49   38   27    0    0    0    0    0    0    0    0    0    0    0    0    0    0   36   49   56   59   63   71   78   79   82   85   91   96   99   98   98   99   96   95   93   91   92   93   92   91   87   84   63   43    0    0    0    0    0    0    0    0    0    0    0    0    0    0    0    0    0    0    0    0    0    0    0    0    0    0    0    0    0    0    0    0 
  0    0    0   67   91  105  115  136  143  143  133  110  112  120  131  142  148  153  153  152  144  135  122  100   86   83   99  129  140  142  137  123  119  112  112  105   97   96   78   84   75   80   71   63   62   60   62   58   55   41    0    0    0    0    0    0    0   35   48   53   57   55   60   67   77   82   82   87   92   90   89   94   96   99  104  112  115  114  111  108  104  101  103  103   98   92   91   76   60   55    0    0    0    0    0    0    0    0    0    0    0    0    0    0    0    0    0    0    0    0    0    0    0    0    0    0    0    0    0    0 
  0    0    0   73   92  106  116  138  147  150  146  116  103  117  129  141  145  152  152  151  146  136  122  100   85   76   96  125  135  139  134  120  121  115  110  112   87   94   88   96  105   91   73   67   67   74   74   71   67   68   71   65   58   57   53   50   48   48   48   54   63   71   78   84   91   93   98  106  109  113  113  109  107  104  109  111  119  121  124  122  120  116  114  114  107   98   93   86   75   65   64   50    0    0    0    0    0    0    0    0    0    0    0    0    0    0    0    0    0    0    0    0    0    0    0    0    0    0    0    0 
  0    0    0   71   89  105  114  135  146  151  149  121  100  115  127  141  140  146  150  148  143  135  114   95   80   72   93  120  133  137  131  120  118  115  115  117  101   89  109  108  105   89   80   86   93   95   92   90   87   81   72   72   73   56   49   54   54   62   68   74   79   82   85   93   99  104  111  113  116  116  118  120  118  114  111  111  112  123  126  127  130  129  126  126  121  105   96   94   95   92   83   68   56    0    0    0    0    0    0    0    0    0    0    0    0    0    0    0    0    0    0    0    0    0    0    0    0    0    0    0 
  0    0    0   61   81  100  111  128  140  149  149  124   96  111  122  137  138  137  143  142  134  125  102   88   71   70   90  117  129  134  129  121  113  113  115  118  107   85  116  114  101   91   92   97  108  114  111  100   93   87   83   73   58   57   64   70   77   80   82   90   96   98  103  107  111  117  120  122  121  121  119  121  121  122  118  116  114  117  124  132  136  136  133  135  129  120  113  111  113  110  102   91   74   67    0    0    0    0    0    0    0    0    0    0    0    0    0    0    0    0    0    0    0    0    0    0    0    0    0    0 
  0    0    0   46   74   91  104  120  128  140  145  131   91  106  114  128  136  133  135  134  125  108   93   82   67   69   89  111  123  128  126  118  108  112  117  126  124  110  112  104   96   96   98  108  117  125  126  117  108  100   91   86   85   88   95   91   89   91   95  106  112  114  116  118  123  125  123  124  126  126  125  124  125  127  128  124  120  118  124  130  137  138  137  140  137  133  127  126  124  120  114  106   94   83   71   40    0    0    0    0    0    0    0    0    0    0    0    0    0    0    0    0    0    0    0    0    0    0    0    0 
  0    0    0    7   60   82   95  105  124  131  139  131   87   97  106  116  125  127  127  123  113   96   84   70   63   67   87  103  116  121  120  111  111  124  131  137  134  128  111  101  102  102  109  115  121  131  134  130  123  112  106  101  105  110  109   96   94   99  105  113  116  121  116  123  129  125  123  124  127  129  128  130  129  131  133  133  130  125  127  133  133  137  135  140  141  138  135  133  132  127  123  112  106   97   88   76   42    0    0    0    0    0    0    0    0    0    0    0    0    0    0    0    0    0    0    0    0    0    0    0 
  0    0    0    0   40   68   83   94  110  121  124  125   93   76   93  104  106  110  109  103   96   78   72   59   59   68   84  109  119  124  127  123  127  143  142  134  120  120  111  105  108  112  116  119  120  127  132  130  125  117  109  106  108  113  107   93   97  104  112  116  120  120  118  124  125  123  127  129  133  131  130  133  133  135  135  137  137  134  133  133  133  135  134  132  140  139  138  139  136  131  128  122  111  107   97   84   77   38    0    0    0    0    0    0    0    0    0    0    0    0    0    0    0    0    0    0    0    0    0    0 
  0    0    0    0    0   43   65   78   92  103  113  123  115   91   73   81   94   93   89   79   70   65   58   56   60   72   99  126  135  140  144  145  144  143  132  125  119  111  110  111  113  117  122  122  121  120  124  122  118  115  114  115  114  110  102   92   95  108  115  119  125  121  120  121  123  126  129  136  138  134  133  136  138  139  137  137  141  141  140  138  138  139  142  136  134  136  138  141  140  132  129  128  120  115  109   97   82   70    0    0    0    0    0    0    0    0    0    0    0    0    0    0    0    0    0    0    0    0    0    0 
  0    0    0    0    0   14   41   51   64   76   88  102  113  108   94   71   71   73   67   60   55   52   50   50   79  110  133  147  152  153  152  150  142  131  124  120  119  115  112  112  115  120  125  127  126  122  119  118  116  117  120  121  117  112   98   89  104  117  120  125  126  121  120  124  126  129  132  136  136  134  136  140  145  146  144  140  141  145  144  143  143  145  145  143  136  133  134  137  142  136  127  125  123  120  118  109   94   80   67    0    0    0    0    0    0    0    0    0    0    0    0    0    0    0    0    0    0    0    0    0 
  0    0    0    0    0    0   25   13   29   40   54   61   71   81   87   76   62   53   48   46   47   46   49   69  126  144  149  147  145  142  137  136  130  125  123  119  116  111  110  111  113  116  123  129  131  127  121  117  114  117  119  119  114  110   96  101  118  125  126  129  127  125  126  128  130  134  135  136  135  135  140  143  147  149  150  149  145  145  145  143  145  148  148  143  138  136  133  131  131  134  130  123  120  117  117  115  104   91   82   62    0    0    0    0    0    0    0    0    0    0    0    0    0    0    0    0    0    0    0    0 
  0    0    0    0    0    0    0   17   35   24   13   20   27   35   45   50   49   43   44   45   46   71  123  152  153  151  143  137  130  126  122  120  119  121  125  126  121  117  116  115  117  119  124  131  134  131  125  119  117  118  118  116  115  109  102  118  125  127  130  131  135  133  131  134  139  140  139  140  140  139  141  144  146  150  152  152  151  149  147  144  144  148  146  137  135  137  134  134  131  127  129  126  123  119  113  112  105  100   92   84   40    0    0    0    0    0    0    0    0    0    0    0    0    0    0    0    0    0    0    0 
  0    0    0    0    0    0    0    0    6   32   29   56    8   19   25   32   41   53   53   42  136  136  150  150  141  137  132  129  125  122  120  119  120  122  131  133  128  126  126  123  123  126  128  135  139  135  130  125  124  123  121  120  120  111  116  126  126  128  133  137  141  136  134  142  145  145  142  143  145  145  145  146  147  148  151  152  151  149  150  147  143  141  132  122  123  127  126  126  131  132  132  133  131  129  124  110  105   96   98   93   75    0    0    0    0    0    0    0    0    0    0    0    0    0    0    0    0    0    0    0 
  0    0    0    0    0    0    0    0    0    0   29   59   63   46   29   55   88  125  147  150  150  146  136  135  133  130  129  127  125  123  123  125  132  131  133  139  133  132  133  130  130  130  130  136  141  138  133  130  127  124  125  126  124  119  124  123  128  133  137  141  145  138  138  146  148  147  145  145  149  151  150  148  146  147  149  151  150  149  151  147  136  120  101  103  110  112  112  111  112  120  135  142  141  139  136  126  110  100   94   99   90   57    0    0    0    0    0    0    0    0    0    0    0    0    0    0    0    0    0    0 
  0    0    0    0    0    0    0    0    0    0   28   62   69   76   75   80   96  131  148  151  144  131  127  128  128  127  128  127  126  125  127  134  139  142  138  141  135  134  135  135  137  135  130  135  140  135  131  129  124  123  127  129  124  125  120  126  131  139  142  143  143  143  140  148  150  149  148  147  149  152  152  151  150  144  147  149  149  145  143  128  103   89   97  104  106  109  109  109  109  107  101  135  145  142  138  132  121  110   95  101   94   82   34    0    0    0    0    0    0    0    0    0    0    0    0    0    0    0    0    0 
  0    0    0    0    0    0    0    0    0    0   34   63   78   85   85   91  102  128  141  145  132  121  122  123  126  128  131  130  129  130  136  138  140  143  141  139  135  134  135  140  143  139  136  135  136  130  127  125  121  123  130  130  128  124  121  131  135  142  144  145  143  144  142  148  151  150  150  151  148  150  152  151  153  149  143  143  144  135  118   98   92  100  105  106  107  109  112  114  114  115  110   89  129  134  131  126  129  119  101   95  100   97   64    0    0    0    0    0    0    0    0    0    0    0    0    0    0    0    0    0 
  0    0    0    0    0    0    0    0    0    0   32   73   87   87   91   95  104  125  135  132  123  118  121  124  128  133  135  135  135  137  138  140  140  143  140  133  134  135  138  147  148  141  141  140  133  127  125  124  122  125  133  132  129  125  129  134  139  141  146  147  147  144  146  148  150  150  151  152  151  150  151  151  151  152  147  141  132  116  100   96  101  105  112  118  119  120  121  122  119  119  119  118   97  112  120  115  120  123  112   98   94   99   80   33    0    0    0    0    0    0    0    0    0    0    0    0    0    0    0    0 
  0    0    0    0    0    0    0    0    0   27   58   80   89   91   93   95  109  121  124  121  119  120  125  128  134  140  142  141  140  142  142  142  140  141  135  128  129  138  143  148  150  143  143  142  135  128  129  125  123  127  135  136  134  132  133  138  143  145  145  149  148  147  142  145  147  142  134  146  142  147  151  150  148  148  149  137  116  105  101  111  118  123  133  137  136  139  138  134  129  122  120  122  119  109  117  112   99  120  115  102   93   95   94   59    0    0    0    0    0    0    0    0    0    0    0    0    0    0    0    0 
  0    0    0    0    0    0    0    0    0   39   71   83   92   93   93   99  113  112  114  115  122  126  131  134  142  148  144  146  146  147  148  146  145  142  129  130  131  139  146  149  151  145  146  143  137  130  131  126  122  129  138  143  141  136  139  144  148  150  149  148  149  140  136  122   81   79   63   51   47   46   45   47   48   44   53   68   81   94  107  121  129  136  145  148  147  147  147  146  140  131  123  119  119  119  126  122  107   97  116  107   95   93   93   71    0    0    0    0    0    0    0    0    0    0    0    0    0    0    0    0 
  0    0    0    0    0    0    0    0   21   57   74   87   92   92   95  102  111  104  111  118  127  132  139  141  146  149  145  147  148  149  149  151  148  142  130  138  140  137  147  149  151  149  148  145  136  133  136  127  125  136  140  144  146  137  142  148  149  150  145  133  120  101   71   54   56   64   72   79   83   83   85   84   85   85   83   77   74   73   96  118  130  140  145  148  148  148  149  150  147  141  135  123  117  114  130  132  121  104  107  109   98   92   86   75   42    0    0    0    0    0    0    0    0    0    0    0    0    0    0    0 
  0    0    0    0    0    0    0    0   33   62   76   87   91   93   99  104  106  102  113  122  131  138  145  145  145  145  141  144  146  148  149  152  149  140  134  141  144  140  146  151  151  151  150  146  135  136  137  127  133  142  143  137  150  141  139  144  147  139  127   82   53   49   57   74   88   86   94  102  101  101  105  105  110  111  108  102  100  100   91   97  114  127  135  138  141  145  148  150  150  147  142  132  122  110  124  134  127  114  104  108   97   94   89   80   63    0    0    0    0    0    0    0    0    0    0    0    0    0    0    0 
  0    0    0    0    0    0    0    0   41   65   77   86   92   96  105  101  100  103  116  124  136  144  148  144  137  133  133  135  136  139  143  149  149  142  137  143  148  142  146  151  151  151  152  144  135  134  134  132  141  146  148  143  129  150  137  133  126   99   45   56   67   80   94   99   94   94  113  113  115  117  119  121  125  126  124  119  116  119  120  112  111  116  122  125  125  133  143  147  151  150  145  138  130  117  114  131  127  119  111  111  100   89   97   80   71   38    0    0    0    0    0    0    0    0    0    0    0    0    0    0 
  0    0    0    0    0    0    0    0   49   70   78   85   93  101  109   94   99  106  119  129  142  149  149  137  128  125  130  134  135  135  135  141  148  147  139  146  152  145  147  150  151  152  151  141  131  133  136  141  147  148  148  152  144  139  130   76   64   48   68   83   93   98  111  108  101  120  127  125  128  130  131  132  135  137  138  135  131  127  130  129  125  118  117  119  120  112  131  143  151  150  147  141  135  126  116  126  128  122  117  111  103   85  102   82   76   63    0    0    0    0    0    0    0    0    0    0    0    0    0    0 
  0    0    0    0    0    0    0    0   53   71   79   85   93  105  104   88  101  107  121  135  146  150  145  126  124  127  137  143  143  144  143  140  146  150  142  147  152  146  150  150  150  152  150  135  130  137  142  148  152  150  146  145  151  138   93   55   59   78   92  105  104  116  124  117  130  136  137  135  137  139  142  143  143  144  146  146  142  135  129  132  132  129  124  122  122  120  106  134  151  150  149  143  138  133  124  126  128  126  121  115  107   95   90   86   79   75    0    0    0    0    0    0    0    0    0    0    0    0    0    0 
  0    0    0    0    0    0    0    0   54   71   80   87   92  104   90   88  104  111  126  140  146  147  132  123  127  133  144  149  150  151  150  147  145  151  148  148  150  150  152  151  151  152  149  135  133  139  145  151  153  152  150  143  140  108   56   72   76   94  107  110  116  131  132  134  146  146  142  143  145  147  148  148  148  148  148  148  147  143  135  131  132  133  132  130  130  130  105  121  151  149  150  145  138  134  128  131  131  128  124  118  107  101   91   84   82   79   36    0    0    0    0    0    0    0    0    0    0    0    0    0 
  0    0    0    0    0    0    0    0   54   71   82   85   87   95   84   94  108  113  131  143  145  135  119  128  131  140  147  152  151  152  153  152  149  148  147  150  151  149  151  152  152  153  149  136  139  141  139  149  153  152  152  146  116   63   73   62   94  103  114  118  130  137  140  147  152  149  144  148  149  151  151  150  150  150  149  146  146  144  140  135  133  135  138  133  131  137  119  102  147  147  149  147  139  131  127  131  138  136  129  117  111  102   93   81   83   78   56    0    0    0    0    0    0    0    0    0    0    0    0    0 
  0    0    0    0    0    0    0    0   51   71   83   82   81   86   82   99  112  114  131  143  136  119  119  133  136  144  151  153  151  148  150  152  153  148  142  144  145  140  141  149  153  153  150  137  143  149  138  133  150  152  151  136   71   68   69   79  101  110  120  131  137  142  146  151  152  146  146  151  152  152  151  151  150  150  148  146  142  141  139  138  138  140  143  139  126  138  127  107  142  145  148  147  140  130  122  127  142  144  137  119  111   99   97   85   84   77   62    0    0    0    0    0    0    0    0    0    0    0    0    0 
  0    0    0    0    0    0    0    0   47   67   77   81   74   84   84  103  115  116  129  140  127  118  127  138  142  147  151  152  151  149  145  151  149  145  146  146  146  143  137  138  150  152  146  137  148  152  147  128  140  150  148  110   63   62   66   92  102  115  125  134  142  147  148  151  151  144  147  152  153  153  151  151  150  149  146  144  142  141  142  141  142  144  146  141  126  133  128  121  139  144  148  146  141  129  116  124  142  149  142  120  107   98   96   89   79   79   66    0    0    0    0    0    0    0    0    0    0    0    0    0 
  0    0    0    0    0    0    0    0   38   61   71   75   73   81   89  106  116  119  125  132  120  120  130  140  145  146  148  150  150  152  146  147  145  147  150  151  151  148  143  140  139  153  143  135  147  151  153  147  132  136  140   96   57   63   70   93  107  122  129  136  146  150  148  151  150  146  148  153  153  151  152  150  149  148  147  146  147  147  148  147  146  144  144  138  122  134  133  130  141  144  148  145  143  132  117  116  137  150  147  123  104   96   99   93   80   81   69    0    0    0    0    0    0    0    0    0    0    0    0    0 
  0    0    0    0    0    0    0    0   18   53   65   68   75   81   91  107  116  119  122  127  116  121  130  140  146  147  145  145  147  150  145  142  147  150  152  152  152  149  144  143  142  151  142  136  148  151  148  151  143  125  117   82   49   68   67   95  115  126  130  140  149  152  149  150  150  148  150  152  153  150  150  151  150  149  150  151  152  152  150  150  148  143  141  135  124  138  139  138  139  144  144  140  142  139  124  104  134  149  146  123  102   95  103  100   86   81   71    0    0    0    0    0    0    0    0    0    0    0    0    0 
  0    0    0    0    0    0    0    0    0   44   50   62   74   81   96  107  114  117  119  122  114  119  128  138  147  149  147  145  147  144  139  143  149  150  148  148  148  148  145  141  144  152  139  138  148  153  145  146  148  135  101   62   48   67   67  101  120  127  133  144  152  152  150  147  148  149  151  151  151  151  147  150  152  152  152  153  153  151  148  148  147  142  137  132  133  143  140  138  139  143  141  133  131  139  130  102  130  148  143  118  104   99  108  103   93   78   70    0    0    0    0    0    0    0    0    0    0    0    0    0 
  0    0    0    0    0    0    0    0    0    8   29   58   74   80   96  107  111  114  117  120  115  116  124  133  145  149  148  148  148  141  135  144  152  150  145  143  144  145  142  137  143  151  136  138  148  153  146  140  148  145   95   56   48   62   70  107  124  127  135  147  153  151  149  144  147  149  151  151  149  151  147  150  152  152  152  152  150  148  145  145  145  143  138  137  144  143  140  138  140  144  144  137  124  127  131  105  128  145  141  117  105  102  113  106   94   80   75   37    0    0    0    0    0    0    0    0    0    0    0    0 
  0    0    0    0    0    0    0    0    0    0   33   57   72   80   92  105  108  109  115  118  117  116  121  127  139  147  147  149  147  138  134  145  152  148  147  145  147  147  140  136  144  151  135  135  147  151  145  138  148  149   96   50   49   55   73  109  125  127  130  143  152  151  152  140  145  149  152  152  150  150  149  151  153  153  153  151  148  145  144  146  147  146  143  145  144  141  140  139  135  142  145  139  130  119  122  110  129  141  134  118  101  106  115  110   91   82   78   45    0    0    0    0    0    0    0    0    0    0    0    0 
  0    0    0    0    0    0    0    0    0    0   31   48   71   78   89   98  104  105  111  115  117  116  119  123  132  142  144  148  144  137  136  144  148  144  149  151  152  150  140  139  152  150  141  139  145  149  143  139  148  150  101   50   46   48   74  105  121  126  127  134  147  150  151  139  141  148  152  153  152  149  146  147  149  150  152  150  147  147  150  152  151  150  145  147  145  143  143  142  136  136  142  143  134  120  113  120  131  138  132  121  101  105  115  109   89   83   77   51    0    0    0    0    0    0    0    0    0    0    0    0 
  0    0    0    0    0    0    0    0    0    0   22   24   64   75   86   91   95   99  107  112  114  116  117  120  126  137  141  143  140  136  138  142  139  143  148  152  153  149  139  147  150  144  144  149  147  146  142  141  149  150  107   55   50   45   67   95  114  123  127  129  140  148  150  141  139  146  151  152  153  145  144  146  147  148  148  146  145  152  153  152  149  147  146  150  149  148  146  145  137  132  137  141  137  120  112  126  134  136  131  121  104  101  115  104   90   79   78   58    0    0    0    0    0    0    0    0    0    0    0    0 
  0    0    0    0    0    0    0    0    0    0    0   49   48   70   78   85   86   93  101  111  111  115  115  117  123  132  141  138  137  138  138  138  137  142  143  149  152  146  139  153  142  141  150  153  151  147  145  147  151  152  118   60   57   42   49   89  106  115  123  130  137  145  148  142  141  144  148  151  147  141  146  149  150  149  145  138  147  152  150  150  149  146  147  152  152  150  147  145  135  130  136  138  137  119  115  128  134  135  128  118  108  101  112   99   90   77   82   63    0    0    0    0    0    0    0    0    0    0    0    0 
  0    0    0    0    0    0    0    0    0    0    0   33    9   51   69   75   82   87   96  110  112  114  114  115  121  129  137  135  135  139  137  136  138  141  138  143  147  141  142  152  142  147  152  152  148  149  150  152  152  153  138   69   60   49   47   77  103  112  119  130  138  138  143  142  144  144  146  147  139  142  149  151  152  151  143  131  152  151  150  151  150  144  148  153  152  146  144  144  135  130  134  135  135  115  115  129  134  134  125  111  116  109  105   96   93   77   81   65    0    0    0    0    0    0    0    0    0    0    0    0 
  0    0    0    0    0    0    0    0    0    0    0    0   29   21   54   65   74   81   92  105  114  114  115  114  115  127  132  132  132  137  137  134  138  139  138  140  140  139  149  148  143  148  151  148  148  151  153  153  151  151  148   95   55   58   44   61   98  113  115  126  140  140  137  141  144  144  143  139  138  144  150  152  153  149  138  138  153  150  152  153  151  142  145  152  149  140  136  140  138  131  130  131  128  107  115  131  135  130  119  107  124  114   99   93   94   80   77   64    0    0    0    0    0    0    0    0    0    0    0    0 
  0    0    0    0    0    0    0    0    0    0    0    0    0   23   32   55   66   77   86   97  112  114  115  113  112  116  123  126  128  131  132  131  129  130  132  136  134  141  150  147  146  148  149  148  151  153  153  152  148  148  149  122   53   65   48   52   81  107  114  121  139  143  136  134  140  142  137  135  140  146  149  151  149  144  136  141  152  149  152  153  150  142  140  149  147  133  134  138  140  135  126  127  122   97  121  133  132  121  113  124  129  114   94   97   94   85   77   63    0    0    0    0    0    0    0    0    0    0    0    0 
  0    0    0    0    0    0    0    0    0    0    0    0    0    0   25   43   60   70   80   88  101  114  113  111  110  110  108  112  118  123  127  127  126  118  118  124  127  138  145  144  148  150  149  150  153  152  153  151  145  148  150  134   77   61   56   53   69   98  111  121  135  147  142  128  134  136  131  134  137  144  145  146  143  140  139  144  152  147  150  151  148  142  137  147  146  133  134  141  139  136  127  124  115   92  126  133  124  116  122  134  131  110   95  102   94   87   71   63    0    0    0    0    0    0    0    0    0    0    0    0 
  0    0    0    0    0    0    0    0    0    0    0    0    0    0   28   32   50   61   71   78   86  100  107  108  106  107  106  103  110  112  118  123  123  114  102  102  116  127  135  140  148  150  150  151  151  152  153  150  144  147  149  142   91   55   60   51   64   87  107  120  131  147  150  138  125  129  126  129  132  135  137  140  139  140  143  147  152  148  148  149  147  145  139  145  147  140  133  139  141  138  129  121  106   96  128  129  119  131  137  136  125  103  106  103   90   85   70   67   55    0    0    0    0    0    0    0    0    0    0    0 
  0    0    0    0    0    0    0    0    0    0    0    0    0    0    0   32   34   52   60   68   75   86   94  100  104  105  107  103  105  116  117  121  122  121  116  112  111  115  123  133  145  150  151  151  151  152  152  150  143  144  148  146  112   54   65   53   64   76  106  119  127  145  151  148  124  129  125  125  126  129  133  138  142  145  148  149  152  151  148  148  148  146  143  142  145  143  135  135  139  137  129  113   96  108  129  127  135  143  142  133  117  108  112  102   85   82   74   72   78   44   48   62   69   71   67   43    0    0    0    0 
  0    0    0    0    0    0    0    0    0    0    0    0    0    0    0   23   24   38   52   61   65   73   83   92   97  103  106  105  102  112  123  126  127  126  124  122  113  117  119  125  135  147  151  152  151  151  152  149  141  142  147  147  122   66   58   57   59   67  101  118  125  141  150  149  130  135  137  136  137  138  141  144  150  152  151  151  153  153  152  150  149  147  145  143  141  141  137  136  133  134  125  102  101  126  135  133  143  146  139  127  123  114  112   99   81   83   86   89   80   65   72   87   93   97   94   83   57    0    0    0 
  0    0    0    0    0    0    0    0    0    0    0    0    0    0    0    0   13   21   34   48   58   61   72   78   87   95  102  102  102  100  111  123  130  132  132  123  111  116  120  122  130  141  150  152  152  152  152  148  139  140  145  148  127   76   55   63   57   61   89  114  121  136  147  150  136  135  143  144  146  147  148  149  152  153  152  152  152  152  152  152  151  147  144  146  142  135  133  134  130  127  118  103  122  136  140  135  142  141  136  127  128  116  110   96   76   87  108  111   95   86   98  104  110  110  108   95   82   49    0    0 
  0    0    0    0    0    0    0    0    0    0    0    0    0    0    0    0    0    0   25   30   41   50   57   67   75   79   87   94   96   97   95   99  109  122  127  119  105  110  116  121  129  137  145  151  152  153  151  145  138  139  145  148  134   84   60   60   60   60   76  106  114  134  147  147  132  134  143  146  147  148  148  149  152  153  152  150  149  149  150  151  151  145  141  145  143  132  128  134  131  125  113  119  134  141  142  137  137  136  136  136  130  115  106   94   71   97  128  126  109  108  113  119  121  122  120  110   93   72    0    0 
  0    0    0    0    0    0    0    0    0    0    0    0    0    0    0    0    0    0    0   31   39   38   46   54   60   69   73   78   82   88   88   89   91   95  109  109   98  104  110  118  124  137  143  149  152  152  150  143  137  139  145  147  138   94   63   61   60   62   67   98  107  133  148  138  127  137  142  145  149  150  148  148  152  153  152  151  151  150  149  149  149  142  134  141  140  129  128  133  131  124  123  129  136  143  143  138  130  132  140  139  130  111  102   93   72  113  133  120  106  113  123  126  130  129  127  114   99   82    0    0 
  0    0    0    0    0    0    0    0    0    0    0    0    0    0    0    0    0    0    0    0   46   49   46   55   51   56   62   66   68   74   79   80   80   80   84   99   96  101  104  109  120  137  144  149  151  152  148  141  135  140  144  148  139  100   66   68   63   61   69   89  103  126  139  129  132  138  143  147  151  152  149  144  148  152  152  152  153  152  149  149  147  138  121  135  135  129  129  133  127  134  138  130  137  144  143  136  125  134  142  139  124  108   97   93   78  127  137  115  116  123  130  132  135  134  131  121  103   84   46    0 
  0    0    0    0    0    0    0    0    0    0    0    0    0    0    0    0    0    0    0    0    1   50   53   56   56   56   55   58   58   61   64   65   70   72   75   86   92   93  100  107  117  135  145  149  151  151  147  137  134  140  146  150  143   99   71   77   67   64   67   86  101  119  129  126  134  136  144  147  151  151  147  137  140  149  149  151  151  149  146  143  141  129  113  130  132  131  133  135  136  144  139  129  131  144  143  131  120  136  142  136  119  102   95   83  104  134  130  115  121  128  135  137  137  137  132  121  104   82   48    0 
  0    0    0    0    0    0    0    0    0    0    0    0    0    0    0    0    0    0    0    0    0    0   37   47   53   53   51   51   49   48   50   58   61   65   68   72   87   87   97  107  119  133  142  147  150  149  143  135  134  143  147  149  145   99   72   79   70   70   65   82  104  120  123  116  131  128  140  145  146  146  139  127  126  139  141  143  143  142  138  135  131  119  119  134  136  137  139  142  147  147  138  124  128  144  141  124  119  139  141  132  112  100   90   78  123  139  114  117  126  134  141  143  142  138  132  119  103   82   46    0 
  0    0    0    0    0    0    0    0    0    0    0    0    0    0    0    0    0    0    0    0    0    0    0   16   34   42   49   53   58   57   56   55   50   61   59   57   80   84   96  112  123  135  141  143  146  144  140  136  139  145  145  147  144   99   73   80   71   73   67   78  109  124  118  105  124  121  130  142  141  139  133  133  118  129  134  132  133  132  129  130  129  137  135  132  140  143  145  149  151  147  136  120  125  140  139  114  125  138  139  124  108   98   78   96  140  136  119  125  134  142  146  146  144  138  129  112   98   83   38    0 
  0    0    0    0    0    0    0    0    0    0    0    0    0    0    0    0    0    0    0    0    0    0    0    0    0   20   31   37   39   46   40   57   59   52   35   50   73   84   95  114  125  140  146  146  146  142  141  140  141  142  144  147  143   98   73   78   69   72   74   82  114  133  129  106  118  121  117  136  138  137  139  147  134  134  138  134  128  128  129  137  140  148  146  131  134  143  148  151  152  146  129  117  119  135  130  109  129  136  134  117  103   85   85  125  142  130  128  133  144  148  147  147  143  137  125  101   97   84    0    0 
  0    0    0    0    0    0    0    0    0    0    0    0    0    0    0    0    0    0    0    0    0    0    0    0    0    0    0    0   18   28   38   42   69   60   47   46   69   84   94  114  128  140  148  149  148  146  145  141  141  142  144  148  142   90   72   75   71   72   77   86  110  138  140  120  110  125  118  122  138  144  151  150  144  146  151  142  138  139  143  147  150  152  149  134  128  136  147  150  150  142  124  111  116  132  121  116  131  131  128  109   97   80  102  145  133  132  137  143  150  149  145  144  142  135  118   94  100   77    0    0 
  0    0    0    0    0    0    0    0    0    0    0    0    0    0    0    0    0    0    0    0    0    0    0    0    0    0    0    0    0    0    0    0    0    0   31   35   69   84   97  116  130  140  148  149  149  147  144  141  143  144  145  150  140   89   70   73   72   72   81   92  104  136  146  132  117  127  134  130  136  149  152  144  141  150  149  145  150  152  151  150  151  153  146  129  122  127  144  147  146  136  117  106  111  123  114  121  128  127  117   98   88   90  130  149  135  141  146  150  152  145  142  141  140  132  110   94  100   61    0    0 
  0    0    0    0    0    0    0    0    0    0    0    0    0    0    0    0    0    0    0    0    0    0    0    0    0    0    0    0    0    0    0    0    0   41   28   29   68   85  103  120  132  142  148  150  149  148  144  145  145  147  148  152  137   91   72   75   70   78   85   93  104  132  143  136  126  130  135  138  134  141  148  142  146  153  140  147  153  153  151  149  149  150  140  121  117  125  140  141  139  128  110  101  109  116  117  120  125  120  105   95   89  103  150  144  142  147  148  151  152  144  134  136  135  124  105   95   93   34    0    0 
  0    0    0    0    0    0    0    0    0    0    0    0    0    0    0    0    0    0    0    0    0    0    0    0    0    0    0    0    0    0    0    0    0   46   76   32   71   85  111  125  133  144  149  151  151  150  147  148  147  149  150  152  135   94   76   75   75   82   86   93  105  125  138  132  129  135  132  137  132  132  140  139  143  149  132  148  152  153  149  145  148  143  130  114  114  121  134  133  129  118  102   97  105  113  117  117  123  115   99   93   95  133  152  143  146  148  151  153  149  140  127  129  127  113   97   97   81    0    0    0 
  0    0    0    0    0    0    0    0    0    0    0    0    0    0    0    0    0    0    0    0    0    0    0    0    0    0    0    0    0    0    0    0    0   48   84   38   70   92  121  128  135  146  150  152  153  151  149  149  148  150  144  125   96   92   81   89   87   90   92   95  102  115  126  125  129  137  132  132  129  122  128  127  131  138  130  141  144  149  141  142  144  133  120  112  111  118  126  124  119  106   88   98  102  118  116  121  124  110   94   96  116  152  146  145  146  149  153  152  143  131  118  119  115  102   91   88   60    0    0    0 
  0    0    0    0    0    0    0    0    0    0    0    0    0    0    0    0    0    0    0    0    0    0    0    0    0    0    0    0    0    0    0    0    0   63   88   47   71  105  126  131  138  147  152  153  153  151  150  150  145  129   72   56   51   51   53   83   98  106  108  115  106  109  113  114  125  131  128  127  126  114  114  112  111  121  127  134  134  136  132  136  135  124  113  109  109  116  121  115  106   88   95  106  108  126  121  128  127  103   96  101  141  151  146  145  148  152  152  145  133  118  112  110  101   89   89   77    0    0    0    0 
  0    0    0    0    0    0    0    0    0    0    0    0    0    0    0    0    0    0    0    0    0    0    0    0    0    0    0    0    0    0    0    0    9   74   90   42   94  114  126  134  138  147  151  152  152  151  148  146  115   50   63   69   58   54   58   61   67   84  127  139  121  114  114  107  115  119  118  119  118  112  105  103   99  107  119  128  125  124  126  130  127  118  108  106  110  116  114  110   97  100  115  117  124  136  130  133  121   94   96  122  150  149  147  147  149  151  146  133  119  110  105  102   92   89   79   48    0    0    0    0 
  0    0    0    0    0    0    0    0    0    0    0    0    0    0    0    0    0    0    0    0    0    0    0    0    0    0    0    0    0    0    0    0   17   54   76   96   99  112  127  133  137  145  147  149  150  149  143  111   50   76   86   68   52   75   85   85   78   79   79   89  116  150  146  128  113  110  105  102  108  106  104  102   99   99  105  114  116  119  123  123  120  112  105  105  112  113  116  117  119  136  133  129  137  141  133  130  106   87  105  134  147  146  145  147  148  143  129  116  106  100  100   92   90   76   57    0    0    0    0    0 
  0    0    0    0    0    0    0    0    0    0    0    0    0    0    0    0    0    0    0    0    0    0    0    0    0    0    0    0    0   16   50   63   77   81   81   86  100  111  121  125  134  142  141  142  147  147  122   53   70   93   65   54   87  112  111  104  103   99  100   99  102  105  120  145  136  117  105   93  100  103  101  100  100   97   94   99  103  111  115  113  106  103   97  105  115  130  133  140  141  144  138  136  139  138  130  118   92   87  119  144  143  142  142  142  139  126  108  100   95   97   89   86   71   53    0    0    0    0    0    0 
  0    0    0    0    0    0    0    0    0    0    0    0    0    0    0    0    0    0    0    0    0    0    0    0    0    0    0   15   54   78   85   95   95   95   96   99  103  110  116  117  127  137  138  140  144  139   70   64   93   62   66   92  122  128  108  110  126  129  126  124  121  122  119  119  125  133  143  151  145  115  100   95  111  110   96   92   92   95   99   97   98  100  104  132  138  150  149  143  138  137  132  131  134  130  117  100   78  101  131  141  139  136  136  130  113  103   89   90   92   84   79   67   43    0    0    0    0    0    0    0 
  0    0    0    0    0    0    0    0    0    0    0    0    0    0    0    0    0    0    0    0    0    0    0    0    0    0   28   56   95  104  108  112  110  112  114  113  115  117  117  124  128  136  142  145  145  104   52   89   61   72   96  120  131  105   99  128  140  143  142  139  136  135  136  133  132  134  135  141  138  143  148  153  143  126  111   96   90   88   88   92  122  117  142  151  152  149  146  144  140  137  132  130  126  111   99   80   83  111  130  135  132  128  122  116  102   86   85   85   78   68   58   28    0    0    0    0    0    0    0    0 
  0    0    0    0    0    0    0    0    0    0    0    0    0    0    0    0    0    0    0    0    0    0    0    0    0    7   49   89  113  113  115  126  127  128  127  127  130  132  132  138  136  139  145  147   49   62   80   82   67   94  117  119  105   97  123  140  147  149  148  146  144  143  144  145  144  144  142  141  142  143  145  147  145  149  152  153  153  151  151  151  148  152  152  151  150  150  150  146  141  135  134  130  112   88   80   76   95  120  130  127  124  119  110   97   84   78   75   68   53   46    0    0    0    0    0    0    0    0    0    0 
  0    0    0    0    0    0    0    0    0    0    0    0    0    0    0    0    0    0    0    0    0    0    0    0   80   48   58  107  110  109  127  136  139  140  137  136  140  142  144  145  145  144  145  144  107   65   90   55   90  116  125  103  106  130  141  150  151  150  149  149  148  147  147  148  148  149  149  149  149  148  149  147  148  149  151  152  153  153  153  153  153  152  152  153  153  153  151  147  139  133  133  117   92   64   70   88  108  120  124  120  113  104   90   79   71   64   52   42   26    0    0    0    0    0    0    0    0    0    0    0 
  0    0    0    0    0    0    0    0    0    0    0    0    0    0    0    0    0    0    0    0    0    0    0   83   93   55   89  108  103  120  137  144  145  145  144  141  143  147  147  147  147  148  146  144   83   76   86   65  102  126  116  104  131  143  150  152  153  150  149  149  148  147  148  148  149  149  150  149  150  150  150  150  149  151  152  152  152  153  153  153  153  153  153  152  152  151  149  144  135  134  123  102   69   61   79   94  101  106  110  109   95   81   70   60   50   42   26    0    0    0    0    0    0    0    0    0    0    0    0    0 
  0    0    0    0    0    0    0    0    0    0    0    0    0    0    0    0    0    0    0    0    0    0   76   94   44   47   99  101  110  132  146  150  151  150  146  144  145  147  147  146  146  146  146  146   74   80   81   72  105  127  106  115  141  148  152  153  153  151  149  148  147  147  149  149  148  149  150  150  150  150  150  149  150  151  152  152  152  153  153  153  153  152  152  152  151  151  148  139  132  130   91   72   46   62   76   81   84   93   92   78   67   57   46   36   27    0    0    0    0    0    0    0    0    0    0    0    0    0    0    0 
  0    0    0    0    0    0    0    0    0    0    0    0    0    0    0    0    0    0    0    0    0    0   90   94   57   73  100  102  120  140  147  151  152  152  149  148  147  149  149  148  148  146  148  149   80   85   80   74  107  123  101  125  145  148  151  153  153  151  150  147  146  147  150  150  149  149  150  151  150  149  150  150  149  151  152  152  152  153  153  153  153  152  152  152  152  149  143  128  119  100   64   38   46   58   62   67   74   73   59   53   45   35   24    0    0    0    0    0    0    0    0    0    0    0    0    0    0    0    0    0 
  0    0    0    0    0    0    0    0    0    0    0    0    0    0    0    0    0    0    0    0    0    0   90   81   54   87   99  106  128  139  142  146  146  146  149  149  150  151  151  149  148  145  149  153   87   87   78   79   89  112  108  115  136  139  140  146  147  143  147  140  140  141  147  149  144  149  150  147  151  150  150  149  149  149  151  152  152  152  153  153  149  149  152  153  145  133  123  102   81   54   31   31   51   56   56   55   52   45   36   28   31    0    0    0    0    0    0    0    0    0    0    0    0    0    0    0    0    0    0    0 
  0    0    0    0    0    0    0    0    0    0    0    0    0    0    0    0    0    0    0    0    0   51   87   80   38   74   87   89  101  110  106  103  103  104   97  110   85   87   83   89  104   93  102  110   94   67   59   59   62   74   72   82   84   89   86   85   90   85   87   97   97  105   98  102  101  101  104  105  106  112  105  101  109  113  100  106  112  119   80   91  107  110   80   82   82   74   62   46   29   23   34   45   45   44   40   30   29   27   17    0    0    0    0    0    0    0    0    0    0    0    0    0    0    0    0    0    0    0    0    0 
  0    0    0    0    0    0    0    0    0    0    0    0    0    0    0    0    0    0    0    0    0    0    0   32   35   37    1    0    2    0    2    0    4    1    2   11   11   16   20   22   23   25   16    2    3    3    5   13    7   12   21   29   70   71   71   77   75   74   76   73   80   72   66   55   59   53   45   48   39   44   46   29   32   32   37    1   10   17   11   30   24   33   33   37   40    0    0    0    0    0    0    0    0    0    0    0    0    0    0    0    0    0    0    0    0    0    0    0    0    0    0    0    0    0    0    0    0    0    0    0 
  0    0    0    0    0    0    0    0    0    0    0    0    0    0    0    0    0    0    0    0    0    0    0    0    0    0    0    0    0    0    0    0    0    0    0    0    0    0    0    0    0    0    0    0    0    0    0    0    0    0    0    0    0    0    0    0    0    0    0    0    0    0    0    0    0    0    0    0    0    0    0    0    0    0    0    0    0    0    0    0    0    0    0    0    0    0    0    0    0    0    0    0    0    0    0    0    0    0    0    0    0    0    0    0    0    0    0    0    0    0    0    0    0    0    0    0    0    0    0    0 
  0    0    0    0    0    0    0    0    0    0    0    0    0    0    0    0    0    0    0    0    0    0    0    0    0    0    0    0    0    0    0    0    0    0    0    0    0    0    0    0    0    0    0    0    0    0    0    0    0    0    0    0    0    0    0    0    0    0    0    0    0    0    0    0    0    0    0    0    0    0    0    0    0    0    0    0    0    0    0    0    0    0    0    0    0    0    0    0    0    0    0    0    0    0    0    0    0    0    0    0    0    0    0    0    0    0    0    0    0    0    0    0    0    0    0    0    0    0    0    0 
  0    0    0    0    0    0    0    0    0    0    0    0    0    0    0    0    0    0    0    0    0    0    0    0    0    0    0    0    0    0    0    0    0    0    0    0    0    0    0    0    0    0    0    0    0    0    0    0    0    0    0    0    0    0    0    0    0    0    0    0    0    0    0    0    0    0    0    0    0    0    0    0    0    0    0    0    0    0    0    0    0    0    0    0    0    0    0    0    0    0    0    0    0    0    0    0    0    0    0    0    0    0    0    0    0    0    0    0    0    0    0    0    0    0    0    0    0    0    0    0 
  0    0    0    0    0    0    0    0    0    0    0    0    0    0    0    0    0    0    0    0    0    0    0    0    0    0    0    0    0    0    0    0    0    0    0    0    0    0    0    0    0    0    0    0    0    0    0    0    0    0    0    0    0    0    0    0    0    0    0    0    0    0    0    0    0    0    0    0    0    0    0    0    0    0    0    0    0    0    0    0    0    0    0    0    0    0    0    0    0    0    0    0    0    0    0    0    0    0    0    0    0    0    0    0    0    0    0    0    0    0    0    0    0    0    0    0    0    0    0    0 
  0    0    0    0    0    0    0    0    0    0    0    0    0    0    0    0    0    0    0    0    0    0    0    0    0    0    0    0    0    0    0    0    0    0    0    0    0    0    0    0    0    0    0    0    0    0    0    0    0    0    0    0    0    0    0    0    0    0    0    0    0    0    0    0    0    0    0    0    0    0    0    0    0    0    0    0    0    0    0    0    0    0    0    0    0    0    0    0    0    0    0    0    0    0    0    0    0    0    0    0    0    0    0    0    0    0    0    0    0    0    0    0    0    0    0    0    0    0    0    0 
  0    0    0    0    0    0    0    0    0    0    0    0    0    0    0    0    0    0    0    0    0    0    0    0    0    0    0    0    0    0    0    0    0    0    0    0    0    0    0    0    0    0    0    0    0    0    0    0    0    0    0    0    0    0    0    0    0    0    0    0    0    0    0    0    0    0    0    0    0    0    0    0    0    0    0    0    0    0    0    0    0    0    0    0    0    0    0    0    0    0    0    0    0    0    0    0    0    0    0    0    0    0    0    0    0    0    0    0    0    0    0    0    0    0    0    0    0    0    0    0 
