  0    0    0    0    0    0    0    0    0    0    0    0    0    0    0    0    0    0    0    0    0    0    0    0    0    0    0    0    0    0    0    0    0    0    0    0    0    0    0    0    0    0    0    0    0    0    0    0    0    0    0    0    0    0    0    0    0    0    0    0    0    0    0    0    0    0    0    0    0    0    0    0    0    0    0    0    0    0    0    0    0    0    0    0    0    0    0    0    0    0    0    0    0    0    0    0    0    0    0    0    0    0    0    0    0    0    0    0    0    0    0    0    0    0    0    0    0    0    0    0 
  0    0    0    0    0    0    0    0    0    0    0    0    0    0    0    0    0    0    0    0    0    0    0    0    0    0    0    0    0    0    0    0    0    0    0    0    0    0    0    0    0    0    0    0    0    0    0    0    0    0    0    0    0    0    0    0    0    0    0    0    0    0    0    0    0    0    0    0    0    0    0    0    0    0    0    0    0    0    0    0    0    0    0    0    0    0    0    0    0    0    0    0    0    0    0    0    0    0    0    0    0    0    0    0    0    0    0    0    0    0    0    0    0    0    0    0    0    0    0    0 
  0    0    0    0    0    0    0    0    0    0    0    0    0    0    0    0    0    0    0    0    0    0    0    0    0    0    0    0    0    0    0    0    0    0    0    0    0    0    0    0    0    0    0    0    0    0    0    0    0    0    0    0    0    0    0    0    0    0    0    0    0    0    0    0    0    0    0    0    0    0    0    0    0    0    0    0    0    0    0    0    0    0    0    0    0    0    0    0    0    0    0    0    0    0    0    0    0    0    0    0    0    0    0    0    0    0    0    0    0    0    0    0    0    0    0    0    0    0    0    0 
  0    0    0    0    0    0    0    0    0    0    0    0    0    0    0    0    0    0    0    0    0    0    0    0    0    0    0    0    0    0    0    0    0    0    0    0    0    0    0    0    0    0    0    0    0    0    0    0    0    0    0    0    0    0    0    0    0    0    0    0    0    0    0    0    0    0    0    0    0    0    0    0    0    0    0    0    0    0    0    0    0    0    0    0    0    0    0    0    0    0    0    0    0    0    0    0    0    0    0    0    0    0    0    0    0    0    0    0    0    0    0    0    0    0    0    0    0    0    0    0 
  0    0    0    0    0    0    0    0    0    0    0    0    0    0    0    0    0    0    0    0    0    0    0    0    0    0    0    0    0    0    0    0    0    0    0    0    0    0    0    0    0    0    0    0    0    0    0    0    0    0    0    0    0    0    0    0    0    0    0    0    0    0    0    0    0    0    0    0    0    0    0    0    0    0    0    0    0    0    0    0    0    0    0    0    0    0    0    0    0    0    0    0    0    0    0    0    0    0    0    0    0    0    0    0    0    0    0    0    0    0    0    0    0    0    0    0    0    0    0    0 
  0    0    0    0    0    0    0    0    0    0    0    0    0    0    0    0    0    0    0    0    0    0    0    0    0    0    0    0    0    0    0    0    0    0    0    0    0    0    0    0    0    0    0    0    0    0    0    0    0    0    0    0    0    0    0    0    0    0    0    0   74   41    0    0    0    0    0    0    0    0    0    0    0    0    0    0    0    0    0    0    0    0    0    0    0    0    0    0    0    0    0    0    0    0    0    0    0    0    0    0    0    0    0    0    0    0    0    0    0    0    0    0    0    0    0    0    0    0    0    0 
  0    0    0    0    0    0    0    0    0    0    0    0    0    0    0    0    0    0    0    0    0    0    0    0    0    0    0    0    0    0    0    0    0    0    0    0    0    0    0    0    0    0    0    0    0    0    0    0    0    0    0    0    0    0    0    0    0  127   98   86   82   79   63    0    0    0    0    0    0    0    0    0    0    0    0    0    0    0    0    0    0    0    0    0    0    0    0    0    0    0    0    0    0    0    0    0    0    0    0    0    0    0    0    0    0    0    0    0    0    0    0    0    0    0    0    0    0    0    0    0 
  0    0    0    0    0    0    0    0    0    0    0    0    0    0    0    0    0    0    0    0    0    0    0    0    0    0    0    0    0    0    0    0    0    0    0    0    0    0    0    0    0    0    0    0    0    0    0    0    0    0    0    0    0    0    0   60  116  118   93   76   76   78   79   40    0    0    0    0    0    0    0    0    0    0    0    0    0    0    0    0    0    0    0    0    0    0    0    0    0    0    0    0    0    0    0    0    0    0    0    0    0    0    0    0    0    0    0    0    0    0    0    0    0    0    0    0    0    0    0    0 
  0    0    0    0    0    0    0    0    0    0    0    0    0    0    0    0    0    0    0    0    0    0    0    0    0    0    0    0    0    0    0    0    0    0    0    0    0    0    0    0    0    0    0    0    0    0    0    0    0    0    0    0    0   69   97  118   97   93   77   76   77   83   91   73   63    0    0    0    0    0    0    0    0    0    0    0    0    0    0    0    0    0    0    0    0    0    0    0    0    0    0    0    0    0    0    0    0    0    0    0    0    0    0    0    0    0    0    0    0    0    0    0    0    0    0    0    0    0    0    0 
  0    0    0    0    0    0    0    0    0    0    0    0    0    0    0    0    0    0    0    0    0    0    0    0    0    0    0    0    0    0    0    0    0    0    0    0    0    0    0    0    0    0    0    0    0    0    0    0    0    0    0    0  126  128  108   96   84   76   76   86   89   93   96   93   66   68    0    0    0    0    0    0    0    0    0    0    0    0    0    0    0    0    0    0    0    0    0    0    0    0    0    0    0    0    0    0    0    0    0    0    0    0    0    0    0    0    0    0    0    0    0    0    0    0    0    0    0    0    0    0 
  0    0    0    0    0    0    0    0    0    0    0    0    0    0    0    0    0    0    0    0    0    0    0    0    0    0    0    0    0    0    0    0    0    0    0    0    0    0    0    0    0    0    0    0    0    0    0    0    0    0   73  131  119   98   88   78   77   78   89   98  101   98  101   97   84   72    0    0    0    0    0    0    0    0    0    0    0    0    0    0    0    0    0    0    0    0    0    0    0    0    0    0    0    0    0    0    0    0    0    0    0    0    0    0    0    0    0    0    0    0    0    0    0    0    0    0    0    0    0    0 
  0    0    0    0    0    0    0    0    0    0    0    0    0    0    0    0    0    0    0    0    0    0    0    0    0    0    0    0    0    0    0    0    0    0    0    0    0    0    0    0    0    0    0    0    0    0    0    0   67  102  121  115   99   81   77   76   82   91  102  108  107  106  105  101   96   80   40    0    0    0    0    0    0    0    0    0    0    0    0    0    0    0    0    0    0    0    0    0    0    0    0    0    0    0    0    0    0    0    0    0    0    0    0    0    0    0    0    0    0    0    0    0    0    0    0    0    0    0    0    0 
  0    0    0    0    0    0    0    0    0    0    0    0    0    0    0    0    0    0    0    0    0    0    0    0    0    0    0    0    0    0    0    0    0    0    0    0    0    0    0    0    0    0    0    0    0    0   58   85  112  125  107   96   80   74   73   83   94  106  110  114  111  113  111  105   97   89   62    0    0    0    0    0    0    0    0    0    0    0    0    0    0    0    0    0    0    0    0    0    0    0    0    0    0    0    0    0    0    0    0    0    0    0    0    0    0    0    0    0    0    0    0    0    0    0    0    0    0    0    0    0 
  0    0    0    0    0    0    0    0    0    0    0    0    0    0    0    0    0    0    0    0    0    0    0    0    0    0    0    0    0    0    0    0    0    0    0    0    0    0    0    0    0    0    0    0    0   80  104  127  118  115   92   78   72   72   83   98  108  114  115  116  117  117  114  112   99   92   73    0    0    0    0    0    0    0    0    0    0    0    0    0    0    0    0    0    0    0    0    0    0    0    0    0    0    0    0    0    0    0    0    0    0    0    0    0    0    0    0    0    0    0    0    0    0    0    0    0    0    0    0    0 
  0    0    0    0    0    0    0    0    0    0    0    0    0    0    0    0    0    0    0    0    0    0    0    0    0    0    0    0    0    0    0    0    0    0    0    0    0    0    0    0    0    0    0   74   95  117  130  134  114   87   75   72   75   85  103  110  116  119  118  120  122  119  119  116  107   96   81   41    0    0    0    0    0    0    0    0    0    0    0    0    0    0    0    0    0    0    0    0    0    0    0    0    0    0    0    0    0    0    0    0    0    0    0    0    0    0    0    0    0    0    0    0    0    0    0    0    0    0    0    0 
  0    0    0    0    0    0    0    0    0    0    0    0    0    0    0    0    0    0    0    0    0    0    0   78   83   81   80   78   77   57    0    0    0    0    0    0    0    0    0    0    0   43   88  109  127  134  133  115   85   73   66   77   92  105  114  114  119  123  120  123  122  120  119  118  112   99   84   46    0    0    0    0    0    0    0    0    0    0    0    0    0    0    0    0    0    0    0    0    0    0    0    0    0    0    0    0    0    0    0    0    0    0    0    0    0    0    0    0    0    0    0    0    0    0    0    0    0    0    0    0 
  0    0    0    0    0    0    0    0    0    0    0    0    0    0    0    0    0    0    0    0    0   62   77   75   73   73   78   78   75   76   69    0    0    0    0    0    0    0    0    0   79  104  121  132  138  136  116   89   71   68   78   99  110  114  119  119  122  124  122  122  121  119  118  116  113  104   86   47    0    0    0    0    0    0    0    0    0    0    0    0    0    0    0    0    0    0    0    0    0    0    0    0    0    0    0    0    0    0    0    0    0    0    0    0    0    0    0    0    0    0    0    0    0    0    0    0    0    0    0    0 
  0    0    0    0    0    0    0    0    0    0    0    0    0    0    0    0    0    0    0    0    0   77   75   68   65   55   64   69   72   71   67   58    0    0    0    0    0    0    0   92  116  128  136  139  139  121   86   72   68   84  106  114  115  119  119  121  121  122  121  119  119  117  115  113  111  104   86   44    0    0    0    0    0    0    0    0    0    0    0    0    0    0    0    0    0    0    0    0    0    0    0    0    0    0    0    0    0    0    0    0    0    0    0    0    0    0    0    0    0    0    0    0    0    0    0    0    0    0    0    0 
  0    0    0    0    0    0    0    0    0    0    0    0    0    0    0    0    0    0    0    0   61   67   56   49   45   39   46   51   62   62   62   59   31    0    0    0    0    0   97  123  134  139  140  137  124   95   71   71   91  109  118  120  119  118  117  118  117  117  116  115  114  113  111  108  105  101   88   34    0    0    0    0    0    0    0    0    0    0    0    0    0    0    0    0    0    0    0    0    0    0    0    0    0    0    0    0    0    0    0    0    0    0    0    0    0    0    0    0    0    0    0    0    0    0    0    0    0    0    0    0 
  0    0    0    0    0    0    0    0    0    0    0    0    0    0    0    0    0    0    0    0   60   60   63   65   58   54   41   28   41   47   53   53   36    0    0    0   70  103  119  130  138  141  137  125  100   75   84   99  112  117  118  119  117  113  111  110  109  110  110  109  108  107  107  105  100   99   75    3    0    0    0    0    0    0    0    0    0    0    0    0    0    0    0    0    0    0    0    0    0    0    0    0    0    0    0    0    0    0    0    0    0    0    0    0    0    0    0    0    0    0    0    0    0    0    0    0    0    0    0    0 
  0    0    0    0    0    0    0    0    0    0    0    0    0    0    0    0    0    0    0    0   58   69   70   71   65   56   50   42   28   35   41   45   30    0    0   86  106  117  127  133  137  136  128  103   84   95  110  115  119  114  112  111  107  104  100  100  100   99  100  100   97   98  104  108  101   88   50    0    0    0    0    0    0    0    0    0    0    0    0    0    0    0    0    0    0    0    0    0    0    0    0    0    0    0    0    0    0    0    0    0    0    0    0    0    0    0    0    0    0    0    0    0    0    0    0    0    0    0    0    0 
  0    0    0    0    0    0    0    0    0    0    0    0    0    0    0    0    0    0    0    0   59   67   74   73   68   60   55   46   35   19   26   35   23    0   88  110  118  129  133  134  133  125  108   91  105  120  119  110  101   96   96   97   95   91   87   88   87   83   86   90   97  102   90  101   82   50    0    0    0    0    0    0    0    0    0    0    0    0    0    0    0    0    0    0    0    0    0    0    0    0    0    0    0    0    0    0    0    0    0    0    0    0    0    0    0    0    0    0    0    0    0    0    0    0    0    0    0    0    0    0 
  0    0    0    0    0    0    0    0    0    0    0    0    0    0    0    0    0    0   48   52   54   55   58   54   53   46   41   35   37   26   12   21   58   95  108  118  128  134  137  133  123  107  101  102  124  112  105  103  105   82   70   70   74   86   95   96  104  110  117  114  105   95   83   49    5    0    0    0    0    0    0    0    0    0    0    0    0    0    0    0    0    0    0    0    0    0    0    0    0    0    0    0    0    0    0    0    0    0    0    0    0    0    0    0    0    0    0    0    0    0    0    0    0    0    0    0    0    0    0    0 
  0    0    0    0    0    0    0    0    0    0    0    0    0   48   58   66   72   77   79   78   77   79   80   84   88   91   90   84   80   69   57   34   80   94  108  125  133  136  137  125  108  114  118  108  113  117  132  135  123  117  135  128  127  121  118  108  105  100   99   88   79   38   25    0    0    0    0    0    0    0    0    0    0    0    0    0    0    0    0    0    0    0    0    0    0    0    0    0    0    0    0    0    0    0    0    0    0    0    0    0    0    0    0    0    0    0    0    0    0    0    0    0    0    0    0    0    0    0    0    0 
  0    0    0    0    0    0    0    0    0    0    0   61   70   77   80   85   87   88   88   92   96  100  103  108  113  119  119  115  106   95   83   68   46   50   97  120  132  136  134  118  110  127  128  134  136  132  126  123  115  111  115  111  110  104  102   89   81   68   48   28    0    0    0    0    0    0    0    0    0    0    0    0    0    0    0    0    0    0    0    0    0    0    0    0    0    0    0    0    0    0    0    0    0    0    0    0    0    0    0    0    0    0    0    0    0    0    0    0    0    0    0    0    0    0    0    0    0    0    0    0 
  0    0    0    0    0    0    0    0    0   64   76   79   82   84   90   92   93   95  100  104  108  112  114  118  123  128  130  125  109   90   70   67   65   29   35   98  125  133  131  123  119  132  134  138  119  117  111  113  109  106  104   99   90   79   69   54   21    0    0    0    0    0    0    0    0    0    0    0    0    0    0    0    0    0    0    0    0    0    0    0    0    0    0    0    0    0    0    0    0    0    0    0    0    0    0    0    0    0    0    0    0    0    0    0    0    0    0    0    0    0    0    0    0    0    0    0    0    0    0    0 
  0    0    0    0    0    0    0   58   68   79   85   87   92   97  100  102  106  109  110  113  114  115  113  116  123  132  137  131  106   70   71   68   67   43   20   51  112  127  128  123  121  128  122  117  110  110  108  107  102   99   91   78   57   43   12    0    0    0    0    0    0    0    0    0    0    0    0    0    0    0    0    0    0    0    0    0    0    0    0    0    0    0    0    0    0    0    0    0    0    0    0    0    0    0    0    0    0    0    0    0    0    0    0    0    0    0    0    0    0    0    0    0    0    0    0    0    0    0    0    0 
  0    0    0    0    0    0   59   73   74   86   91   94   98  104  108  112  116  116  117  118  117  114  111  106  119  130  137  131   99   50   85   72   59   41   22   26   79  115  121  114  115  119  112  107  106  107   99   97   85   71   49    0    0    0    0    0    0    0    0    0    0    0    0    0    0    0    0    0    0    0    0    0    0    0    0    0    0    0    0    0    0    0    0    0    0    0    0    0    0    0    0    0    0    0    0    0    0    0    0    0    0    0    0    0    0    0    0    0    0    0    0    0    0    0    0    0    0    0    0    0 
  0    0    0    0    0    0   73   62   78   91   96   98  103  109  115  119  121  121  120  119  118  112  104  100  106  127  135  125   87   64  105   92   48   40   24   24   61  102  109  106  110  110  104  103   96   93   85   71   48    0    0    0    0    0    0    0    0    0    0    0    0    0    0    0    0    0    0    0    0    0    0    0    0    0    0    0    0    0    0    0    0    0    0    0    0    0    0    0    0    0    0    0    0    0    0    0    0    0    0    0    0    0    0    0    0    0    0    0    0    0    0    0    0    0    0    0    0    0    0    0 
  0    0    0    0    0    0   74   65   86   97   99  103  108  115  121  123  126  126  125  122  118  111   98   91   95  115  128  121   73   84  115  101   61   27   24   24   59   87   95  101  102   97   96   83   77   57   36    0    0    0    0    0    0    0    0    0    0    0    0    0    0    0    0    0    0    0    0    0    0    0    0    0    0    0    0    0    0    0    0    0    0    0    0    0    0    0    0    0    0    0    0    0    0    0    0    0    0    0    0    0    0    0    0    0    0    0    0    0    0    0    0    0    0    0    0    0    0    0    0    0 
  0    0    0    0    0    0   63   79   94  101  103  104  114  121  127  128  130  129  127  124  117  108   97   83   87  105  117  115   67   92  119  104   69   24   20   26   54   73   86   90   86   79   63   53   21    0    0    0    0    0    0    0    0    0    0    0    0    0    0    0    0    0    0    0    0    0    0    0    0    0    0    0    0    0    0    0    0    0    0    0    0    0    0    0    0    0    0    0    0    0    0    0    0    0    0    0    0    0    0    0    0    0    0    0    0    0    0    0    0    0    0    0    0    0    0    0    0    0    0    0 
  0    0    0    0    0    0   49   89   97  104  105  111  120  127  130  132  131  130  129  123  112  106   92   77   78   90  107  105   61  100  112  102   73   39   13   37   48   57   78   69   58   40   16    0    0    0    0    0    0    0    0    0    0    0    0    0    0    0    0    0    0    0    0    0    0    0    0    0    0    0    0    0    0    0    0    0    0    0    0    0    0    0    0    0    0    0    0    0    0    0    0    0    0    0    0    0    0    0    0    0    0    0    0    0    0    0    0    0    0    0    0    0    0    0    0    0    0    0    0    0 
  0    0    0    0    0    0   69   91   99  105  108  118  125  130  131  132  132  130  128  121  111   98   86   75   71   77   93   89   81  111  109  100   85   57   15   50   38   38   48   29   30    0    0    0    0    0    0    0    0    0    0    0    0    0    0    0    0    0    0    0    0    0    0    0    0    0    0    0    0    0    0    0    0    0    0    0    0    0    0    0    0    0    0    0    0    0    0    0    0    0    0    0    0    0    0    0    0    0    0    0    0    0    0    0    0    0    0    0    0    0    0    0    0    0    0    0    0    0    0    0 
  0    0    0    0    0    0   74   89  102  109  113  122  129  133  133  132  132  130  126  117  108   91   82   71   67   67   90   98  120  125  114  102   91   68   21   50   32   20   13    0    0    0    0    0    0    0    0    0    0    0    0    0    0    0    0    0    0    0    0    0    0    0    0    0    0    0    0    0    0    0    0    0    0    0    0    0    0    0    0    0    0    0    0    0    0    0    0    0    0    0    0    0    0    0    0    0    0    0    0    0    0    0    0    0    0    0    0    0    0    0    0    0    0    0    0    0    0    0    0    0 
  0    0    0    0    0    0   78   94  105  112  118  126  133  136  136  134  132  129  124  113  106   89   77   70   64   67  101  116  127  125  116  107   92   71   28   54   38   21    0    0    0    0    0    0    0    0    0    0    0    0    0    0    0    0    0    0    0    0    0    0    0    0    0    0    0    0    0    0    0    0    0    0    0    0    0    0    0    0    0    0    0    0    0    0    0    0    0    0    0    0    0    0    0    0    0    0    0    0    0    0    0    0    0    0    0    0    0    0    0    0    0    0    0    0    0    0    0    0    0    0 
  0    0    0    0    0    0   78   95  109  115  121  132  137  140  139  135  133  129  125  112  100   87   74   67   65   79   99  116  116  114  110  106   93   77   45   48   44   22    0    0    0    0    0    0    0    0    0    0    0    0    0    0    0    0    0    0    0    0    0    0    0    0    0    0    0    0    0    0    0    0    0    0    0    0    0    0    0    0    0    0    0    0    0    0    0    0    0    0    0    0    0    0    0    0    0    0    0    0    0    0    0    0    0    0    0    0    0    0    0    0    0    0    0    0    0    0    0    0    0    0 
  0    0    0    0    0   48   78   95  113  118  127  135  142  143  142  135  129  129  123  112   96   87   72   67   73   89  104  114  114  107  103  100   94   83   62   42   47   26    0    0    0    0    0    0    0    0    0    0    0    0    0    0    0    0    0    0    0    0    0    0    0    0    0    0    0    0    0    0    0    0    0    0    0    0    0    0    0    0    0    0    0    0    0    0    0    0    0    0    0    0    0    0    0    0    0    0    0    0    0    0    0    0    0    0    0    0    0    0    0    0    0    0    0    0    0    0    0    0    0    0 
  0    0    0    0    0   62   77   98  116  122  132  140  146  147  145  137  129  130  122  112   99   88   73   68   78   98  107  116  117  113  101   98   99   90   74   55   39   33    0    0    0    0    0    0    0    0    0    0    0    0    0    0    0    0    0    0    0    0    0    0    0    0    0    0    0    0    0    0    0    0    0    0    0    0    0    0    0    0    0    0    0    0    0    0    0    0    0    0    0    0    0    0    0    0    0    0    0    0    0    0    0    0    0    0    0    0    0    0    0    0    0    0    0    0    0    0    0    0    0    0 
  0    0    0    0    0   73   77  105  121  126  137  146  150  151  147  139  132  132  127  112  102   87   79   69   77   97  113  122  122  118  110  100   96   97   88   66   53   34   21    0    0    0    0    0    0    0    0    0    0    0    0    0    0    0    0    0    0    0    0    0    0    0    0    0    0    0    0    0    0    0    0    0    0    0    0    0    0    0    0    0    0    0    0    0    0    0    0    0    0    0    0    0    0    0    0    0    0    0    0    0    0    0    0    0    0    0    0    0    0    0    0    0    0    0    0    0    0    0    0    0 
  0    0    0    0    0   82   79  108  123  129  141  150  153  152  149  143  139  134  129  117  102   91   80   71   72   89  113  125  124  120  113  105   97   97   96   81   58   51   33    0    0    0    0    0    0    0    0    0    0    0    0    0    0    0    0    0    0    0    0    0    0    0    0    0    0    0    0    0    0    0    0    0    0    0    0    0    0    0    0    0    0    0    0    0    0    0    0    0    0    0    0    0    0    0    0    0    0    0    0    0    0    0    0    0    0    0    0    0    0    0    0    0    0    0    0    0    0    0    0    0 
  0    0    0    0    0   86   88  109  122  129  141  148  152  151  149  148  145  140  132  120  106   97   85   73   71   78  107  121  122  119  111  108  104   99   96   90   69   51   49   22    0    0    0    0    0    0    0    0    0    0    0    0    0    0    0    0    0    0    0    0    0    0    0    0    0    0    0    0    0    0    0    0    0    0    0    0    0    0    0    0    0    0    0    0    0    0    0    0    0    0    0    0    0    0    0    0    0    0    0    0    0    0    0    0    0    0    0    0    0    0    0    0    0    0    0    0    0    0    0    0 
  0    0    0    0   71   95  101  106  121  127  139  143  147  147  151  153  149  145  138  125  111  102   92   79   68   74  101  119  124  120  108  102  106  105  100   88   78   61   48   43    0    0    0    0    0    0    0    0    0    0    0    0    0    0    0    0    0    0    0    0    0    0    0    0    0    0    0    0    0    0    0    0    0    0    0    0    0   32    0    0    0    0    0    0    0    0    0    0    0    0    0    0    0    0    0    0    0    0    0    0    0    0    0    0    0    0    0    0    0    0    0    0    0    0    0    0    0    0    0    0 
  0    0    0    0   88  113  114  112  118  122  131  138  140  146  151  152  151  149  144  132  118  105   94   83   71   71   95  119  127  127  113   96  101  106  102   97   77   65   51   42   34    0    0    0    0    0    0    0    0    0    0    0    0    0    0    0    0    0    0    0    0    0    0    0    0    0    0   48   57   70   68   69   72   77   81   82   82   83   80   75   68   58   47   24    0    0    0    0    0    0    0    0    0    0    0    0    0    0    0    0    0    0    0    0    0    0    0    0    0    0    0    0    0    0    0    0    0    0    0    0 
  0    0    0   58  100  119  122  129  122  115  118  130  137  144  148  151  152  151  149  139  124  112   95   81   72   71   88  116  128  131  119   99   97  102  100   99   83   64   56   46   50   26    0    0    0    0    0    0    0    0    0    0    0    0    0    0    0    0    0    0    0    0    0   42   61   70   75   85   88   89   90   93   91   88   86   87   87   88   90   91   89   86   83   71   53   36    0    0    0    0    0    0    0    0    0    0    0    0    0    0    0    0    0    0    0    0    0    0    0    0    0    0    0    0    0    0    0    0    0    0 
  0    0    0   73  108  121  130  143  138  127  111  118  134  138  145  150  153  152  151  146  128  118   97   81   68   68   81  115  130  133  124  105   98   96   96   93   88   70   56   53   45   75   59   54   43   32    0    0    0    0    0    0    0    0    0    0    0    0    0    0   53   66   72   74   77   83   89   91   93   96   99  103  106  105  105  105  102  101   98   96   96   95   94   91   84   78   57   40    0    0    0    0    0    0    0    0    0    0    0    0    0    0    0    0    0    0    0    0    0    0    0    0    0    0    0    0    0    0    0    0 
  0    0    0   89  110  122  130  146  150  147  137  120  125  133  141  149  152  152  150  146  134  122  106   81   65   61   79  113  127  130  124  107  102   94   95   87   77   75   56   64   60   75   80   74   72   68   67   60   58   43    0    0    0    0    0    0    0   51   65   70   74   72   76   82   89   94   94   98  101   99   96   99  102  105  110  116  120  121  117  113  107  101  103  103   93   85   86   72   59   55    0    0    0    0    0    0    0    0    0    0    0    0    0    0    0    0    0    0    0    0    0    0    0    0    0    0    0    0    0    0 
  0    0    0   93  110  122  130  147  152  152  149  127  118  129  139  147  149  151  149  144  136  122  105   80   63   53   74  107  121  127  120  103  103   97   91   93   67   73   66   78   96   92   84   80   79   81   77   74   67   68   72   66   62   66   65   64   63   64   64   69   78   87   93   98  103  104  109  115  118  122  121  116  112  108  111  113  123  128  130  128  123  115  113  113  102   92   90   88   77   63   60   44    0    0    0    0    0    0    0    0    0    0    0    0    0    0    0    0    0    0    0    0    0    0    0    0    0    0    0    0 
  0    0    0   91  107  120  128  143  150  152  150  132  116  127  137  145  143  146  145  141  132  120   95   73   56   48   71  102  118  124  116  102  100   96   96   99   81   68   91   95  107   97   93   99  103  102   94   90   86   80   72   73   79   70   65   69   69   77   83   88   93   97  100  106  111  114  119  122  124  125  126  127  124  117  112  112  114  126  132  132  132  127  123  125  118  101   95   98   97   89   77   61   48    0    0    0    0    0    0    0    0    0    0    0    0    0    0    0    0    0    0    0    0    0    0    0    0    0    0    0 
  0    0    0   80   98  114  123  136  143  148  147  133  111  122  131  140  139  136  138  133  122  108   81   65   47   45   68   99  115  121  114  104   94   94   96  100   87   65  106  114  107  101  104  109  117  120  113  101   93   87   85   78   68   71   78   84   92   95   97  103  109  112  116  119  121  126  127  130  128  128  126  127  127  126  120  116  115  118  128  135  136  133  130  133  128  117  113  112  113  106   96   82   65   58    0    0    0    0    0    0    0    0    0    0    0    0    0    0    0    0    0    0    0    0    0    0    0    0    0    0 
  0    0    0   64   90  105  116  127  132  140  141  135  105  116  122  130  134  131  131  125  111   90   72   59   43   45   67   93  110  116  111  100   88   92   99  110  108   97  108  110  106  106  108  116  124  130  130  120  110  102   96   94   96  100  108  106  104  106  110  118  123  127  129  130  133  133  130  131  133  134  133  130  131  131  130  125  120  117  126  131  135  135  133  138  137  131  127  126  122  115  106   97   83   74   63   30    0    0    0    0    0    0    0    0    0    0    0    0    0    0    0    0    0    0    0    0    0    0    0    0 
  0    0    0   26   75   95  105  112  127  131  133  130   98  106  112  118  123  123  121  113   98   77   63   47   39   43   65   86  103  110  105   93   92  108  116  126  126  124  112  110  112  112  118  120  124  135  138  135  127  115  111  109  114  121  122  112  111  114  118  124  126  131  129  134  138  134  132  130  132  137  137  136  135  135  134  134  130  124  127  131  129  134  132  137  142  137  135  133  129  121  115  103   96   90   81   68   31    0    0    0    0    0    0    0    0    0    0    0    0    0    0    0    0    0    0    0    0    0    0    0 
  0    0    0    0   54   79   92  102  113  120  118  122   99   84   98  105  103  105  101   91   79   58   51   36   36   45   63   93  108  113  114  106  111  132  134  133  119  120  116  114  117  120  123  123  121  128  136  136  132  124  116  114  115  121  121  111  113  118  125  127  129  129  130  135  135  133  135  136  137  138  139  139  139  137  135  138  138  132  131  130  129  132  131  129  141  139  137  138  133  124  121  114  104  101   91   75   66   25    0    0    0    0    0    0    0    0    0    0    0    0    0    0    0    0    0    0    0    0    0    0 
  0    0    0    0    0   54   72   84   95  101  109  120  118   97   77   82   90   87   80   66   53   46   36   34   38   51   79  112  127  132  136  135  134  140  132  128  123  114  116  119  121  124  128  126  122  120  128  129  127  124  122  123  121  117  115  109  111  121  126  129  133  131  131  132  133  135  137  140  141  140  141  142  143  142  137  136  141  139  137  134  132  134  138  134  135  137  136  139  136  125  122  121  114  110  103   88   71   57    0    0    0    0    0    0    0    0    0    0    0    0    0    0    0    0    0    0    0    0    0    0 
  0    0    0    0    0   29   47   56   65   75   86  102  115  109   93   70   67   65   55   45   38   34   30   29   59   92  119  138  148  150  150  148  141  135  128  125  125  120  117  119  121  125  129  131  127  122  124  125  125  126  127  128  125  120  112  106  118  127  130  134  134  131  131  134  135  138  139  140  139  141  143  145  148  148  145  139  139  142  139  136  136  138  142  143  138  133  132  133  140  132  122  121  119  116  112  100   83   67   54    0    0    0    0    0    0    0    0    0    0    0    0    0    0    0    0    0    0    0    0    0 
  0    0    0    0    0    0   34   16   30   39   53   60   71   80   83   70   54   43   36   32   31   28   31   50  113  134  142  144  146  144  140  139  134  131  129  125  122  118  115  117  118  120  126  132  132  128  126  125  123  125  126  127  124  120  112  116  130  134  135  138  136  135  136  137  139  142  142  141  138  140  144  146  149  151  151  147  141  141  138  135  136  142  146  146  142  136  131  129  129  132  127  120  118  113  111  106   92   77   68   48    0    0    0    0    0    0    0    0    0    0    0    0    0    0    0    0    0    0    0    0 
  0    0    0    0    0    0    0   25   42   34    9   18   25   33   40   40   39   31   31   32   31   57  111  148  149  150  144  139  135  131  128  125  125  127  132  132  128  124  122  120  122  121  124  131  135  134  131  127  126  126  125  125  124  121  117  130  135  136  138  139  142  142  141  143  145  147  146  146  144  142  145  146  146  149  152  150  147  142  139  135  136  144  147  143  141  138  131  132  130  125  128  125  121  116  107  104   93   85   77   70   24    0    0    0    0    0    0    0    0    0    0    0    0    0    0    0    0    0    0    0 
  0    0    0    0    0    0    0    0   15   42   43   68   18   18   22   25   33   43   40   28  133  132  152  153  146  142  137  134  131  128  127  125  125  126  134  140  137  134  132  128  126  126  125  132  139  139  137  134  133  131  128  128  129  124  129  136  135  137  140  143  147  145  144  148  150  150  149  149  149  147  146  146  145  145  148  149  145  141  142  140  139  140  138  130  129  129  126  124  131  131  129  131  128  125  118  100   93   81   83   78   60    0    0    0    0    0    0    0    0    0    0    0    0    0    0    0    0    0    0    0 
  0    0    0    0    0    0    0    0    0    0   48   77   82   61   37   60   91  125  143  146  149  151  145  144  141  137  135  133  132  131  130  130  135  133  132  144  142  141  139  135  132  127  124  131  141  143  141  139  137  133  133  133  133  131  135  134  137  140  143  145  148  147  147  151  152  152  151  151  152  152  151  149  144  143  144  146  144  142  147  144  139  126  111  111  115  116  113  111  112  117  130  139  137  133  128  114   97   86   79   86   76   40    0    0    0    0    0    0    0    0    0    0    0    0    0    0    0    0    0    0 
  0    0    0    0    0    0    0    0    0    0   52   84   91   96   93   94  108  138  150  153  150  142  138  138  137  136  135  134  133  132  133  137  139  143  135  144  144  144  142  141  138  131  123  129  140  142  140  139  135  133  135  136  134  136  132  136  140  144  146  147  142  150  148  152  152  153  152  151  152  153  153  153  148  138  141  144  146  142  143  134  115  102  107  110  111  113  112  109  108  103   94  130  140  135  129  120  108   96   80   86   79   67   17    0    0    0    0    0    0    0    0    0    0    0    0    0    0    0    0    0 
  0    0    0    0    0    0    0    0    0    0   58   86   99  105  104  109  118  140  149  151  143  135  135  135  136  137  138  137  136  137  140  139  138  143  141  140  144  144  144  145  142  132  128  131  137  138  136  135  132  134  137  137  136  135  133  140  142  145  148  149  143  148  149  152  152  153  153  152  150  151  152  152  152  144  139  140  143  138  126  110  106  112  113  111  111  112  114  113  111  111  105   82  124  129  123  114  117  106   87   81   85   82   46    0    0    0    0    0    0    0    0    0    0    0    0    0    0    0    0    0 
  0    0    0    0    0    0    0    0    0    0   56   95  107  107  111  114  121  138  145  143  135  132  134  136  137  141  142  142  142  143  141  140  137  142  142  135  140  144  147  150  146  133  135  138  137  135  134  134  133  135  139  139  138  136  139  142  144  142  148  151  150  145  150  153  152  152  153  153  153  152  152  151  152  152  145  140  136  126  113  109  113  116  120  122  122  122  121  120  115  114  113  111   89  106  113  105  109  111   99   84   79   83   63   13    0    0    0    0    0    0    0    0    0    0    0    0    0    0    0    0 
  0    0    0    0    0    0    0    0    0   52   81  101  109  111  112  114  126  135  137  135  133  133  137  139  143  146  147  147  147  147  145  142  137  141  141  134  132  144  150  151  148  135  138  144  140  136  138  136  134  137  140  143  143  142  142  145  148  146  143  151  152  150  142  151  151  146  139  149  146  149  152  153  152  152  149  141  124  117  115  123  128  133  139  139  136  137  135  131  124  116  113  114  110  100  111  105   88  110  103   89   77   79   78   39    0    0    0    0    0    0    0    0    0    0    0    0    0    0    0    0 
  0    0    0    0    0    0    0    0    0   63   93  103  112  112  112  117  129  128  130  130  135  138  142  144  149  152  150  151  151  152  151  145  141  144  139  137  132  139  150  151  149  139  142  147  144  139  139  137  134  138  141  146  148  146  147  149  151  152  147  149  152  147  141  130   95   91   75   60   56   54   54   56   56   51   57   74   88  104  119  131  138  143  148  148  144  143  143  143  136  126  117  111  110  108  119  115   97   84  106   94   79   77   75   51    0    0    0    0    0    0    0    0    0    0    0    0    0    0    0    0 
  0    0    0    0    0    0    0    0   47   80   95  107  111  111  114  120  127  122  127  132  139  143  147  149  152  153  151  152  152  153  153  149  145  147  140  144  140  133  148  150  148  143  144  149  145  143  144  138  136  143  141  144  151  146  150  152  150  151  146  138  128  114   85   69   70   77   84   89   91   91   92   92   93   90   85   79   76   76  101  123  136  144  146  147  144  144  145  147  144  137  129  115  108  102  122  126  111   91   95   96   83   76   68   56   22    0    0    0    0    0    0    0    0    0    0    0    0    0    0    0 
  0    0    0    0    0    0    0    0   58   84   98  107  110  112  117  122  123  120  129  135  142  146  151  151  151  151  148  149  150  152  153  152  148  147  144  147  144  134  144  150  147  146  148  150  145  145  145  139  143  148  145  134  153  148  146  150  151  145  135   97   69   64   71   86  100   99  104  110  109  109  111  112  116  116  108  103  102  101   90   97  116  129  136  136  137  140  143  146  148  145  138  125  112   98  114  127  117  101   91   96   82   77   72   62   44    0    0    0    0    0    0    0    0    0    0    0    0    0    0    0 
  0    0    0    0    0    0    0    0   65   87   98  106  111  115  122  119  118  121  131  137  145  150  152  151  146  143  142  141  141  141  146  151  151  149  147  149  146  135  141  147  146  146  152  150  145  144  144  143  149  152  151  141  124  153  145  143  137  112   64   73   83   94  104  108  106  107  120  120  122  123  123  126  129  130  125  119  115  117  117  109  108  116  122  125  121  127  139  142  149  148  141  131  121  106  102  125  118  106   98   99   85   72   81   62   53   18    0    0    0    0    0    0    0    0    0    0    0    0    0    0 
  0    0    0    0    0    0    0    0   72   91   98  105  112  119  125  113  117  123  133  141  149  152  152  146  140  137  139  141  140  138  136  141  150  152  148  152  149  136  140  144  144  147  153  149  143  144  145  149  152  152  151  153  140  139  140   95   83   68   86  100  108  112  119  116  113  128  132  131  134  134  134  135  138  139  139  133  128  122  125  125  122  118  116  118  117  105  124  135  149  151  145  135  127  115  103  118  118  110  105   98   88   67   86   64   57   44    0    0    0    0    0    0    0    0    0    0    0    0    0    0 
  0    0    0    0    0    0    0    0   76   92  100  105  111  121  121  108  119  124  135  145  152  153  151  139  137  139  145  148  147  147  143  136  143  153  149  151  147  136  143  143  143  148  153  146  142  146  149  152  153  151  147  147  152  143  110   76   80   97  109  120  119  127  132  127  138  141  141  141  141  142  143  143  144  144  145  144  139  130  124  128  131  130  124  120  118  113   94  123  148  152  148  138  129  122  112  115  116  114  109  102   92   78   73   67   60   56    0    0    0    0    0    0    0    0    0    0    0    0    0    0 
  0    0    0    0    0    0    0    0   77   92  100  105  110  120  110  108  121  127  139  148  151  152  143  136  139  144  150  152  152  152  150  142  140  150  153  151  143  142  146  145  145  148  153  145  144  147  151  153  152  150  148  146  147  124   79   93   96  112  123  125  130  141  140  142  149  150  147  147  147  147  147  147  148  147  146  146  144  139  130  128  131  134  131  125  123  122   91  107  150  152  151  140  128  122  115  117  119  116  112  104   91   84   73   64   62   59   14    0    0    0    0    0    0    0    0    0    0    0    0    0 
  0    0    0    0    0    0    0    0   76   92  101  103  106  113  104  112  124  128  142  150  150  145  134  140  143  148  152  153  152  152  152  147  144  147  150  152  148  142  144  147  148  149  153  146  148  147  144  151  150  150  151  151  131   86   95   85  113  120  129  132  141  146  147  151  150  152  150  151  151  150  148  149  149  148  147  144  144  142  137  133  132  135  136  127  121  127  105   86  145  150  150  142  129  118  112  117  125  125  118  103   95   83   74   60   62   57   34    0    0    0    0    0    0    0    0    0    0    0    0    0 
  0    0    0    0    0    0    0    0   73   91  101  101  100  106  103  117  127  129  142  149  146  134  134  144  146  151  153  151  149  147  149  148  150  149  146  146  144  135  133  143  149  151  153  147  150  150  140  137  148  149  151  146   93   91   91  100  119  126  133  142  146  149  151  152  150  152  151  153  152  151  149  150  150  149  148  146  142  140  138  136  136  137  138  131  113  126  112   90  138  148  149  142  130  116  106  112  130  135  126  104   94   80   77   64   63   56   39    0    0    0    0    0    0    0    0    0    0    0    0    0 
  0    0    0    0    0    0    0    0   68   87   95  100   95  104  104  120  129  130  139  147  139  133  139  147  149  151  152  148  145  147  147  151  153  150  150  148  145  138  129  129  143  151  151  146  152  148  146  132  140  148  151  127   86   85   89  111  120  130  137  143  148  152  152  152  148  151  152  152  152  152  150  150  150  150  148  146  144  141  140  139  138  138  139  130  110  119  113  105  134  146  147  139  131  115  100  108  130  142  132  105   88   77   75   68   58   57   43    0    0    0    0    0    0    0    0    0    0    0    0    0 
  0    0    0    0    0    0    0    0   58   80   90   95   94  101  107  122  129  131  136  141  134  134  141  148  149  148  147  145  143  150  150  152  151  152  153  152  149  142  134  129  130  150  150  145  152  147  150  147  133  138  147  114   80   86   93  112  124  136  140  144  149  153  153  153  150  151  152  151  151  153  152  151  150  150  149  148  148  145  144  143  140  135  135  124  104  120  119  119  137  143  144  137  133  118  101   99  124  143  137  107   84   75   78   72   59   60   47    0    0    0    0    0    0    0    0    0    0    0    0    0 
  0    0    0    0    0    0    0    0   37   71   84   89   95  101  109  121  128  130  132  137  130  133  140  146  148  147  143  140  142  150  151  149  152  153  152  151  148  142  134  132  131  145  149  146  152  147  141  146  141  129  128  102   73   90   89  114  131  139  142  148  149  151  153  153  152  151  152  150  149  152  153  152  152  152  152  151  151  148  144  143  139  132  128  120  107  125  128  129  135  141  138  130  131  126  109   86  120  141  136  106   81   74   83   80   65   61   50    0    0    0    0    0    0    0    0    0    0    0    0    0 
  0    0    0    0    0    0    0    0    0   62   69   83   94  100  112  120  125  128  130  133  127  130  137  144  148  148  144  140  145  148  147  150  152  149  146  145  143  140  135  129  133  146  148  147  152  150  136  136  141  139  116   84   71   90   89  119  135  140  144  151  149  147  153  152  152  152  152  147  146  153  152  153  153  153  153  151  149  145  140  139  137  130  124  116  119  135  134  133  134  139  135  123  118  126  114   82  114  139  131  100   84   78   89   83   72   57   48    0    0    0    0    0    0    0    0    0    0    0    0    0 
  0    0    0    0    0    0    0    0    0   25   48   78   93   98  111  119  122  125  128  130  127  127  133  140  147  148  144  143  149  147  144  150  151  146  141  138  139  138  132  124  133  148  145  146  152  150  136  127  140  147  111   79   71   84   92  123  137  139  144  152  149  146  152  151  152  153  152  147  144  153  152  153  152  151  151  147  144  141  135  135  135  131  124  124  135  138  136  133  134  138  137  126  110  112  115   86  113  137  129   98   85   82   94   87   73   58   53   13    0    0    0    0    0    0    0    0    0    0    0    0 
  0    0    0    0    0    0    0    0    0    0   50   77   90   96  106  117  119  121  126  128  128  126  129  133  142  145  142  146  149  146  143  150  149  142  141  141  143  140  129  123  135  150  143  143  150  147  134  125  139  150  112   72   71   78   94  124  136  138  140  148  150  144  152  147  151  153  152  150  145  151  152  153  152  151  150  146  141  137  134  137  138  136  131  136  141  138  137  134  127  133  136  128  116  103  105   91  115  131  121  101   81   86   97   91   69   60   56   21    0    0    0    0    0    0    0    0    0    0    0    0 
  0    0    0    0    0    0    0    0    0    0   51   67   88   93  102  110  115  116  122  125  126  125  126  129  135  139  138  147  148  145  143  147  143  136  145  149  148  143  128  127  148  153  149  146  147  144  133  126  139  150  117   72   67   69   93  119  132  135  135  139  145  144  151  146  148  152  152  149  149  151  150  149  150  148  148  142  137  138  144  146  146  143  137  143  144  140  138  136  125  125  130  132  121  103   94  103  118  126  119  104   81   86   97   90   67   60   54   27    0    0    0    0    0    0    0    0    0    0    0    0 
  0    0    0    0    0    0    0    0    0    0   43   43   80   89   98  102  107  110  117  121  123  124  124  125  129  135  138  145  146  144  143  142  132  135  148  151  150  141  126  138  153  150  150  152  147  140  131  129  142  150  121   75   69   64   84  108  123  130  132  132  139  146  151  148  146  149  151  147  152  151  150  149  147  145  141  136  135  146  150  149  146  141  139  147  148  143  140  136  125  117  123  128  124  103   93  110  121  123  116  104   84   81   97   84   68   56   55   35    0    0    0    0    0    0    0    0    0    0    0    0 
  0    0    0    0    0    0    0    0    0    0    0   66   62   83   88   95   98  105  112  120  119  121  121  122  126  133  141  143  144  143  140  135  130  139  145  149  148  136  126  149  150  149  153  151  146  141  137  138  145  150  129   79   75   60   66  101  115  121  129  134  138  145  150  148  147  146  147  150  152  149  151  151  150  145  137  124  138  151  151  149  145  138  139  150  148  143  139  134  120  115  122  124  123  101   95  112  120  121  112  100   87   81   94   78   68   54   60   40    0    0    0    0    0    0    0    0    0    0    0    0 
  0    0    0    0    0    0    0    0    0    0    0   49   24   62   79   86   93   99  108  119  120  120  120  120  125  132  140  141  141  142  137  131  133  140  142  143  142  129  130  152  149  152  152  147  140  142  143  146  147  150  144   87   78   67   64   91  112  120  126  136  142  142  147  148  147  145  147  151  148  150  153  153  150  145  133  115  148  152  152  149  145  135  140  149  147  136  134  132  120  114  119  120  121   96   96  113  120  119  107   91   97   90   85   75   71   54   58   41    0    0    0    0    0    0    0    0    0    0    0    0 
  0    0    0    0    0    0    0    0    0    0    0    0   43   34   65   76   87   94  104  115  121  120  120  120  121  132  136  137  136  137  134  128  135  141  141  140  134  128  143  152  149  151  149  141  140  147  150  149  145  145  148  108   73   75   61   76  109  122  125  135  145  144  142  144  145  146  147  147  147  150  153  152  149  141  125  124  151  153  153  150  144  131  134  146  142  127  124  129  125  116  114  115  112   87   97  115  120  114  101   87  107   95   79   71   73   57   54   39    0    0    0    0    0    0    0    0    0    0    0    0 
  0    0    0    0    0    0    0    0    0    0    0    0    0   37   46   69   80   90   97  107  119  120  120  119  118  121  127  130  131  130  127  125  128  132  134  134  127  134  149  151  151  150  145  141  145  151  152  147  139  140  147  130   71   81   66   69   95  118  126  132  144  146  139  137  142  146  145  144  147  150  150  149  143  134  122  129  150  152  151  149  142  130  128  141  138  118  119  127  129  120  109  110  104   75  104  119  117  103   94  106  113   95   72   75   72   63   54   38    0    0    0    0    0    0    0    0    0    0    0    0 
  0    0    0    0    0    0    0    0    0    0    0    0    0    0   41   58   74   82   91   97  107  119  118  116  115  113  111  114  118  120  121  121  123  118  117  119  120  136  147  149  151  148  143  146  151  152  151  144  135  139  146  139   92   78   74   71   85  111  123  132  142  148  141  130  138  142  140  142  143  145  144  142  135  129  126  132  149  149  149  146  140  130  124  137  137  118  119  130  129  123  111  107   96   69  109  119  108   98  105  119  115   90   73   82   72   65   47   39    0    0    0    0    0    0    0    0    0    0    0    0 
  0    0    0    0    0    0    0    0    0    0    0    0    0    0   45   46   63   72   80   86   93  104  111  112  109  109  108  105  110  110  113  118  119  111   99   98  115  130  141  146  149  147  146  149  152  152  149  142  134  137  143  144  105   73   78   70   82  102  121  130  138  148  145  139  131  136  133  134  135  135  135  134  130  130  132  137  148  148  147  144  139  134  125  134  138  127  118  126  131  126  113  103   85   74  112  114  102  116  123  123  108   82   86   83   68   62   46   43   38    0    0    0    0    0    0    0    0    0    0    0 
  0    0    0    0    0    0    0    0    0    0    0    0    0    0    0   47   47   62   68   76   81   90   97  103  106  107  108  105  107  113  114  116  118  116  110  110  115  124  131  138  146  147  148  151  151  151  148  142  132  134  140  146  123   73   83   72   82   93  119  130  135  148  145  146  132  134  130  128  127  128  130  133  134  138  140  141  148  150  146  143  141  136  132  130  134  131  121  121  126  124  113   94   74   88  113  111  121  132  131  118   98   87   93   81   62   59   50   50   60   57   63   73   77   76   65   37    0    0    0    0 
  0    0    0    0    0    0    0    0    0    0    0    0    0    0    0   35   36   48   61   68   72   78   87   95  100  105  107  107  104  112  120  123  123  120  119  123  122  126  126  130  138  147  150  152  152  150  147  142  129  130  139  145  131   84   77   76   77   85  115  128  134  145  145  146  137  141  141  140  139  139  141  144  146  147  145  145  150  151  148  145  143  137  135  132  129  129  123  121  117  119  108   81   80  109  121  119  133  137  127  110  106   96   94   79   58   59   64   76   82   78   85   96   98   98   90   75   46    0    0    0 
  0    0    0    0    0    0    0    0    0    0    0    0    0    0    0    0   22   30   42   55   64   67   76   83   91   97  102  103  103  101  110  121  127  127  127  126  121  124  126  128  135  144  151  152  152  151  147  140  127  127  136  145  134   93   74   81   75   79  104  124  130  140  141  149  144  144  149  150  150  150  151  152  152  150  147  149  151  149  147  147  145  137  133  135  129  121  117  120  114  111   99   82  105  122  128  123  132  129  123  111  113   99   91   75   52   64   90  104  102   98  108  112  113  110  103   86   70   33    0    0 
  0    0    0    0    0    0    0    0    0    0    0    0    0    0    0    0    0    0   34   37   47   55   62   70   78   81   88   94   97   97   95   97  107  117  123  123  113  117  123  129  137  144  149  152  152  149  145  135  125  126  135  144  139  100   79   78   77   77   91  117  124  139  144  151  143  145  150  151  152  152  152  152  153  150  150  150  149  146  144  146  144  135  128  135  131  117  112  119  115  108   93  101  120  130  132  125  125  122  122  122  116   98   87   73   47   75  115  126  120  118  120  124  122  120  114  100   78   55    0    0 
  0    0    0    0    0    0    0    0    0    0    0    0    0    0    0    0    0    0    0   43   47   44   51   58   63   70   74   79   82   87   87   87   88   92  105  112  106  113  120  129  136  145  148  151  151  148  142  132  124  127  135  141  142  109   81   79   77   79   83  109  119  140  150  147  140  147  150  151  153  153  151  151  153  151  152  151  150  146  143  143  142  130  120  130  128  113  111  118  115  107  106  113  123  133  133  126  115  117  128  127  115   92   82   71   48   94  122  127  118  123  129  129  130  125  119  103   83   63    0    0 
  0    0    0    0    0    0    0    0    0    0    0    0    0    0    0    0    0    0    0    0   57   57   53   59   54   58   63   66   68   72   77   77   77   78   84  103  106  113  118  123  133  145  149  151  150  148  140  128  121  127  133  141  142  114   86   86   81   79   87  104  116  136  147  141  143  147  150  152  153  152  150  147  150  152  153  152  150  146  141  141  138  124  103  123  123  114  113  118  111  120  125  116  124  133  133  123  108  119  130  127  107   87   75   71   55  113  136  126  127  131  134  133  133  129  122  108   85   64   22    0 
  0    0    0    0    0    0    0    0    0    0    0    0    0    0    0    0    0    0    0    0   13   59   60   61   59   58   56   57   57   60   61   62   67   70   78   96  105  109  116  122  130  143  149  150  149  145  137  123  120  127  136  143  146  114   91   95   86   83   86  103  117  130  139  138  143  145  149  150  151  148  143  138  143  148  149  150  146  142  136  132  129  113   93  116  120  117  119  120  122  133  128  116  116  134  132  116  102  122  130  122  100   80   73   60   84  125  137  127  130  135  138  137  133  130  121  106   86   60   23    0 
  0    0    0    0    0    0    0    0    0    0    0    0    0    0    0    0    0    0    0    0    0    0   42   51   54   53   50   48   47   46   48   56   59   67   75   87  103  104  114  123  131  140  146  148  147  142  133  121  119  132  138  141  147  115   92   98   90   90   85  101  119  130  131  127  138  136  145  146  144  140  131  127  129  138  139  140  137  133  126  123  118  101  101  120  124  125  127  129  138  139  126  108  112  133  129  107  100  126  129  116   92   78   67   54  106  137  126  128  134  139  141  140  137  128  118  102   82   60   21    0 
  0    0    0    0    0    0    0    0    0    0    0    0    0    0    0    0    0    0    0    0    0    0    0   20   34   42   48   53   57   56   54   53   50   65   72   76   98  103  113  126  134  142  143  144  143  137  129  123  126  135  136  138  147  115   93   99   91   93   88   97  122  131  124  115  130  127  134  140  138  131  121  131  122  129  130  127  125  123  116  117  115  124  121  117  128  132  135  141  144  138  122  101  108  127  126   94  108  125  126  107   88   76   54   74  131  140  130  134  140  143  143  140  136  125  114   92   77   60   13    0 
  0    0    0    0    0    0    0    0    0    0    0    0    0    0    0    0    0    0    0    0    0    0    0    0    0   20   31   36   37   43   41   58   58   56   51   71   93  103  113  128  137  146  148  146  142  134  130  128  129  130  133  138  147  115   93   98   90   92   94  100  126  138  132  115  124  125  122  134  133  128  128  145  138  136  135  128  119  119  117  126  129  138  137  117  121  132  139  145  146  136  113   98  101  121  115   89  113  122  120   98   82   62   62  109  148  139  138  141  146  145  141  138  132  123  108   80   75   61    0    0 
  0    0    0    0    0    0    0    0    0    0    0    0    0    0    0    0    0    0    0    0    0    0    0    0    0    0    0    0   16   27   37   39   68   62   54   68   90  103  112  129  138  146  149  148  143  137  135  129  130  131  133  141  147  108   92   95   92   92   96  103  122  143  142  127  117  129  122  123  134  138  146  153  151  151  147  133  130  131  135  140  143  147  142  120  112  122  138  145  143  130  107   91   97  117  104   98  115  116  112   90   75   56   81  135  142  141  145  149  149  143  134  132  130  120   99   72   79   54    0    0 
  0    0    0    0    0    0    0    0    0    0    0    0    0    0    0    0    0    0    0    0    0    0    0    0    0    0    0    0    0    0    0    0    0    0   37   59   90  104  114  130  140  146  148  147  143  140  134  129  132  134  135  144  146  107   91   93   93   93   99  108  118  141  146  137  126  132  137  132  138  149  153  151  149  153  141  135  144  147  146  145  148  150  136  113  105  111  134  141  138  122   98   85   92  107   96  104  113  112   99   77   65   68  114  150  144  148  151  152  150  136  130  128  127  116   90   71   79   36    0    0 
  0    0    0    0    0    0    0    0    0    0    0    0    0    0    0    0    0    0    0    0    0    0    0    0    0    0    0    0    0    0    0    0    0   55   33   53   90  105  119  133  141  147  149  147  144  141  134  135  135  137  139  148  145  110   92   95   90   97  103  109  118  137  143  141  135  136  139  141  139  146  152  149  151  150  128  139  150  150  145  142  146  145  127  103   98  108  129  134  130  113   91   79   89   99   99  103  110  104   85   74   66   81  143  151  149  152  152  152  148  134  120  122  120  107   84   73   70    8    0    0 
  0    0    0    0    0    0    0    0    0    0    0    0    0    0    0    0    0    0    0    0    0    0    0    0    0    0    0    0    0    0    0    0    0   67   95   57   92  105  127  137  143  149  150  148  145  143  138  138  138  141  144  151  145  113   97   95   94  100  103  108  116  130  139  139  138  140  137  140  138  138  144  144  147  143  118  143  150  149  140  135  144  136  116   95   95  105  123  124  119  102   82   76   85   97  100  100  108   97   79   72   73  119  152  150  152  152  153  151  141  127  110  113  112   94   76   75   57    0    0    0 
  0    0    0    0    0    0    0    0    0    0    0    0    0    0    0    0    0    0    0    0    0    0    0    0    0    0    0    0    0    0    0    0    0   71  104   62   92  111  135  140  145  151  152  150  149  145  142  141  141  145  145  132  111  111  102  109  107  108  107  108  111  120  130  133  136  140  135  135  132  126  131  131  132  129  116  137  143  144  130  130  137  123  103   94   92  101  114  114  107   88   67   78   82  102   99  105  109   91   73   74   97  148  152  151  152  153  152  147  131  115  100  102   98   82   70   66   35    0    0    0 
  0    0    0    0    0    0    0    0    0    0    0    0    0    0    0    0    0    0    0    0    0    0    0    0    0    0    0    0    0    0    0    0    0   86  108   71   92  123  139  143  147  152  153  152  151  146  144  146  142  134   87   71   64   65   66   98  116  122  125  126  113  113  119  123  130  132  130  128  126  116  114  112  110  112  116  129  132  129  120  125  124  110   96   90   90   99  108  102   92   69   76   88   89  112  104  113  112   82   74   80  130  153  152  151  153  152  148  135  118  100   93   91   82   68   67   54    0    0    0    0 
  0    0    0    0    0    0    0    0    0    0    0    0    0    0    0    0    0    0    0    0    0    0    0    0    0    0    0    0    0    0    0    0   35   96  109   63  110  129  138  144  147  152  152  152  152  147  145  146  125   69   80   86   74   69   70   70   75   93  135  147  126  121  121  115  118  118  118  118  116  110  104  100   96  100  112  123  122  116  115  118  114  102   90   88   92   99   98   95   79   82   98   99  107  123  114  118  105   72   75  105  146  152  152  152  152  148  137  120  102   91   86   82   71   67   57   23    0    0    0    0 
  0    0    0    0    0    0    0    0    0    0    0    0    0    0    0    0    0    0    0    0    0    0    0    0    0    0    0    0    0    0    0    0   32   62   80  104  110  123  136  142  145  149  149  149  150  148  144  123   71   94  102   88   72   91   97   94   84   84   83   92  120  150  152  132  113  107  102  100  104  103  101   98   95   95  102  109  111  111  113  112  106   95   87   88   95   96   99  100  102  122  118  113  124  128  118  114   86   65   86  121  147  149  149  149  147  136  116  100   88   81   81   72   69   54   34    0    0    0    0    0 
  0    0    0    0    0    0    0    0    0    0    0    0    0    0    0    0    0    0    0    0    0    0    0    0    0    0    0    0    0   34   63   75   85   86   85   93  106  119  128  133  139  146  144  142  147  148  132   74   89  108   84   75  104  125  124  116  110  104  102   99  101  104  120  145  135  113  100   89   98  100   98   94   95   93   91   95   98  104  106  101   92   86   77   88   99  116  119  127  129  134  126  122  126  124  114   99   70   65  103  139  144  144  143  140  134  114   91   83   77   78   69   65   49   30    0    0    0    0    0    0 
  0    0    0    0    0    0    0    0    0    0    0    0    0    0    0    0    0    0    0    0    0    0    0    0    0    0    0   37   73   92   97  103  102  101   98  101  105  114  121  124  129  141  143  138  143  144   91   85  110   81   86  109  134  139  123  123  132  131  125  121  117  120  116  116  124  132  140  149  140  111   95   89  105  105   93   88   87   90   90   84   83   84   87  120  126  142  142  137  131  129  120  118  120  114   98   79   55   81  119  136  139  137  134  124  102   87   71   72   74   65   59   46   20    0    0    0    0    0    0    0 
  0    0    0    0    0    0    0    0    0    0    0    0    0    0    0    0    0    0    0    0    0    0    0    0    0    0   52   78  111  118  119  119  116  116  114  112  115  119  122  128  127  137  144  142  144  120   75  108   83   92  113  133  140  120  116  138  143  142  139  134  130  131  131  128  128  130  131  137  136  140  144  148  137  119  106   92   84   82   79   79  109  104  131  144  148  148  144  139  131  126  119  117  110   91   78   57   61   93  119  131  131  126  117  106   87   68   67   69   59   49   37    6    0    0    0    0    0    0    0    0 
  0    0    0    0    0    0    0    0    0    0    0    0    0    0    0    0    0    0    0    0    0    0    0    0    0   32   72  109  128  127  127  133  130  129  124  125  128  132  134  138  131  138  142  142   54   84  101  103   89  112  131  132  119  113  134  146  148  145  142  139  138  137  137  139  138  139  137  136  137  139  141  142  140  144  149  150  150  148  147  145  140  150  149  149  149  149  147  139  130  121  120  115   93   65   57   53   74  104  121  124  121  113  101   83   68   60   58   51   34   26    0    0    0    0    0    0    0    0    0    0 
  0    0    0    0    0    0    0    0    0    0    0    0    0    0    0    0    0    0    0    0    0    0    0    0  100   72   81  124  126  124  137  142  141  139  134  132  135  140  144  143  140  140  140  136  124   88  110   78  109  131  137  120  122  141  148  152  149  144  143  142  140  139  139  140  140  143  143  142  142  142  142  141  141  144  147  149  150  150  150  149  149  151  151  150  150  149  145  138  125  118  118   98   69   39   47   66   89  106  114  113  107   94   77   63   53   46   34   24    7    0    0    0    0    0    0    0    0    0    0    0 
  0    0    0    0    0    0    0    0    0    0    0    0    0    0    0    0    0    0    0    0    0    0    0  103  112   79  109  125  120  134  145  148  146  143  139  133  137  143  145  142  142  143  139  137  104   98  107   88  120  139  131  121  142  150  153  152  149  143  142  142  139  138  140  140  141  141  143  141  143  143  143  143  142  145  147  147  148  150  150  150  150  150  149  148  147  146  141  133  120  119  105   81   45   37   58   74   84   91   99  100   84   67   55   43   32   23    7    0    0    0    0    0    0    0    0    0    0    0    0    0 
  0    0    0    0    0    0    0    0    0    0    0    0    0    0    0    0    0    0    0    0    0    0   97  113   68   71  117  119  127  143  152  152  151  146  140  136  139  145  145  140  141  140  139  141   96  100  102   93  122  139  124  130  149  152  153  152  149  144  142  140  137  138  141  141  139  140  143  142  143  143  143  142  142  144  147  146  148  149  149  149  149  148  147  147  146  144  139  126  117  114   69   48   22   41   57   64   67   80   80   65   53   41   30   18    9    0    0    0    0    0    0    0    0    0    0    0    0    0    0    0 
  0    0    0    0    0    0    0    0    0    0    0    0    0    0    0    0    0    0    0    0    0    0  109  112   80   94  118  120  134  148  151  152  151  148  143  141  142  146  145  142  142  136  142  145  101  104  100   94  122  136  118  137  150  152  152  151  149  144  143  138  136  138  142  142  141  141  143  145  145  143  144  143  142  145  147  147  148  149  149  149  148  147  147  148  147  141  132  113  102   81   41   15   24   40   46   51   60   59   44   39   29   18    7    0    0    0    0    0    0    0    0    0    0    0    0    0    0    0    0    0 
  0    0    0    0    0    0    0    0    0    0    0    0    0    0    0    0    0    0    0    0    0    0  109  102   76  106  116  121  137  143  144  145  143  140  143  141  144  146  145  142  140  134  140  151  105  104   97   96  104  124  122  126  140  140  138  142  140  135  138  129  128  131  138  140  134  141  142  139  143  142  143  143  141  141  145  147  147  147  150  151  142  142  148  149  137  122  109   84   61   32    9   11   34   40   42   41   38   30   21   12   14    0    0    0    0    0    0    0    0    0    0    0    0    0    0    0    0    0    0    0 
  0    0    0    0    0    0    0    0    0    0    0    0    0    0    0    0    0    0    0    0    0   72  106  100   52   86   96   97  104  109  103   98   96   95   90  101   73   75   71   79   92   81   91  103  101   74   69   67   68   79   74   84   81   85   80   77   80   75   76   85   85   93   87   90   90   89   93   95   95  101   94   89   98  102   89   97  103  110   69   81   97  100   68   69   70   60   46   28   10    4   16   28   30   29   25   16   15   12    2    0    0    0    0    0    0    0    0    0    0    0    0    0    0    0    0    0    0    0    0    0 
  0    0    0    0    0    0    0    0    0    0    0    0    0    0    0    0    0    0    0    0    0    0    0   32   35   37    0    0    0    0    0    0    0    0    0    3    4    8   11   13   15   16    8    0    0    0    0    1    0    7    3   10   62   63   64   70   68   69   70   67   75   65   60   49   52   46   38   40   32   38   38   22   25   26   30    0    5   11    4   17   14   25   25   27   30    0    0    0    0    0    0    0    0    0    0    0    0    0    0    0    0    0    0    0    0    0    0    0    0    0    0    0    0    0    0    0    0    0    0    0 
  0    0    0    0    0    0    0    0    0    0    0    0    0    0    0    0    0    0    0    0    0    0    0    0    0    0    0    0    0    0    0    0    0    0    0    0    0    0    0    0    0    0    0    0    0    0    0    0    0    0    0    0    0    0    0    0    0    0    0    0    0    0    0    0    0    0    0    0    0    0    0    0    0    0    0    0    0    0    0    0    0    0    0    0    0    0    0    0    0    0    0    0    0    0    0    0    0    0    0    0    0    0    0    0    0    0    0    0    0    0    0    0    0    0    0    0    0    0    0    0 
  0    0    0    0    0    0    0    0    0    0    0    0    0    0    0    0    0    0    0    0    0    0    0    0    0    0    0    0    0    0    0    0    0    0    0    0    0    0    0    0    0    0    0    0    0    0    0    0    0    0    0    0    0    0    0    0    0    0    0    0    0    0    0    0    0    0    0    0    0    0    0    0    0    0    0    0    0    0    0    0    0    0    0    0    0    0    0    0    0    0    0    0    0    0    0    0    0    0    0    0    0    0    0    0    0    0    0    0    0    0    0    0    0    0    0    0    0    0    0    0 
  0    0    0    0    0    0    0    0    0    0    0    0    0    0    0    0    0    0    0    0    0    0    0    0    0    0    0    0    0    0    0    0    0    0    0    0    0    0    0    0    0    0    0    0    0    0    0    0    0    0    0    0    0    0    0    0    0    0    0    0    0    0    0    0    0    0    0    0    0    0    0    0    0    0    0    0    0    0    0    0    0    0    0    0    0    0    0    0    0    0    0    0    0    0    0    0    0    0    0    0    0    0    0    0    0    0    0    0    0    0    0    0    0    0    0    0    0    0    0    0 
  0    0    0    0    0    0    0    0    0    0    0    0    0    0    0    0    0    0    0    0    0    0    0    0    0    0    0    0    0    0    0    0    0    0    0    0    0    0    0    0    0    0    0    0    0    0    0    0    0    0    0    0    0    0    0    0    0    0    0    0    0    0    0    0    0    0    0    0    0    0    0    0    0    0    0    0    0    0    0    0    0    0    0    0    0    0    0    0    0    0    0    0    0    0    0    0    0    0    0    0    0    0    0    0    0    0    0    0    0    0    0    0    0    0    0    0    0    0    0    0 
  0    0    0    0    0    0    0    0    0    0    0    0    0    0    0    0    0    0    0    0    0    0    0    0    0    0    0    0    0    0    0    0    0    0    0    0    0    0    0    0    0    0    0    0    0    0    0    0    0    0    0    0    0    0    0    0    0    0    0    0    0    0    0    0    0    0    0    0    0    0    0    0    0    0    0    0    0    0    0    0    0    0    0    0    0    0    0    0    0    0    0    0    0    0    0    0    0    0    0    0    0    0    0    0    0    0    0    0    0    0    0    0    0    0    0    0    0    0    0    0 
  0    0    0    0    0    0    0    0    0    0    0    0    0    0    0    0    0    0    0    0    0    0    0    0    0    0    0    0    0    0    0    0    0    0    0    0    0    0    0    0    0    0    0    0    0    0    0    0    0    0    0    0    0    0    0    0    0    0    0    0    0    0    0    0    0    0    0    0    0    0    0    0    0    0    0    0    0    0    0    0    0    0    0    0    0    0    0    0    0    0    0    0    0    0    0    0    0    0    0    0    0    0    0    0    0    0    0    0    0    0    0    0    0    0    0    0    0    0    0    0 
