  0    0    0    0    0    0    0    0    0    0    0    0    0    0    0    0    0    0    0    0    0    0    0    0    0    0    0    0    0    0    0    0    0    0    0    0    0    0    0    0    0    0    0    0    0    0    0    0    0    0    0    0    0    0    0    0    0    0    0    0    0    0    0    0    0    0    0    0    0    0    0    0    0    0    0    0    0    0    0    0    0    0    0    0    0    0    0    0    0    0    0    0    0    0    0    0    0    0    0    0    0    0    0    0    0    0    0    0    0    0    0    0    0    0    0    0    0    0    0    0 
  0    0    0    0    0    0    0    0    0    0    0    0    0    0    0    0    0    0    0    0    0    0    0    0    0    0    0    0    0    0    0    0    0    0    0    0    0    0    0    0    0    0    0    0    0    0    0    0    0    0    0    0    0    0    0    0    0    0    0    0    0    0    0    0    0    0    0    0    0    0    0    0    0    0    0    0    0    0    0    0    0    0    0    0    0    0    0    0    0    0    0    0    0    0    0    0    0    0    0    0    0    0    0    0    0    0    0    0    0    0    0    0    0    0    0    0    0    0    0    0 
  0    0    0    0    0    0    0    0    0    0    0    0    0    0    0    0    0    0    0    0    0    0    0    0    0    0    0    0    0    0    0    0    0    0    0    0    0    0    0    0    0    0    0    0    0    0    0    0    0    0    0    0    0    0    0    0    0    0    0    0    0    0    0    0    0    0    0    0    0    0    0    0    0    0    0    0    0    0    0    0    0    0    0    0    0    0    0    0    0    0    0    0    0    0    0    0    0    0    0    0    0    0    0    0    0    0    0    0    0    0    0    0    0    0    0    0    0    0    0    0 
  0    0    0    0    0    0    0    0    0    0    0    0    0    0    0    0    0    0    0    0    0    0    0    0    0    0    0    0    0    0    0    0    0    0    0    0    0    0    0    0    0    0    0    0    0    0    0    0    0    0    0    0    0    0    0    0    0    0    0    0    0    0    0    0    0    0    0    0    0    0    0    0    0    0    0    0    0    0    0    0    0    0    0    0    0    0    0    0    0    0    0    0    0    0    0    0    0    0    0    0    0    0    0    0    0    0    0    0    0    0    0    0    0    0    0    0    0    0    0    0 
  0    0    0    0    0    0    0    0    0    0    0    0    0    0    0    0    0    0    0    0    0    0    0    0    0    0    0    0    0    0    0    0    0    0    0    0    0    0    0    0    0    0    0    0    0    0    0    0    0    0    0    0    0    0    0    0    0    0    0    0    0    0    0    0    0    0    0    0    0    0    0    0    0    0    0    0    0    0    0    0    0    0    0    0    0    0    0    0    0    0    0    0    0    0    0    0    0    0    0    0    0    0    0    0    0    0    0    0    0    0    0    0    0    0    0    0    0    0    0    0 
  0    0    0    0    0    0    0    0    0    0    0    0    0    0    0    0    0    0    0    0    0    0    0    0    0    0    0    0    0    0    0    0    0    0    0    0    0    0    0    0    0    0    0    0    0    0    0    0    0    0    0    0    0    0    0    0    0    0    0    0   69   35    0    0    0    0    0    0    0    0    0    0    0    0    0    0    0    0    0    0    0    0    0    0    0    0    0    0    0    0    0    0    0    0    0    0    0    0    0    0    0    0    0    0    0    0    0    0    0    0    0    0    0    0    0    0    0    0    0    0 
  0    0    0    0    0    0    0    0    0    0    0    0    0    0    0    0    0    0    0    0    0    0    0    0    0    0    0    0    0    0    0    0    0    0    0    0    0    0    0    0    0    0    0    0    0    0    0    0    0    0    0    0    0    0    0    0    0  123   95   83   79   76   59    0    0    0    0    0    0    0    0    0    0    0    0    0    0    0    0    0    0    0    0    0    0    0    0    0    0    0    0    0    0    0    0    0    0    0    0    0    0    0    0    0    0    0    0    0    0    0    0    0    0    0    0    0    0    0    0    0 
  0    0    0    0    0    0    0    0    0    0    0    0    0    0    0    0    0    0    0    0    0    0    0    0    0    0    0    0    0    0    0    0    0    0    0    0    0    0    0    0    0    0    0    0    0    0    0    0    0    0    0    0    0    0    0   55  113  117   91   75   75   76   77   35    0    0    0    0    0    0    0    0    0    0    0    0    0    0    0    0    0    0    0    0    0    0    0    0    0    0    0    0    0    0    0    0    0    0    0    0    0    0    0    0    0    0    0    0    0    0    0    0    0    0    0    0    0    0    0    0 
  0    0    0    0    0    0    0    0    0    0    0    0    0    0    0    0    0    0    0    0    0    0    0    0    0    0    0    0    0    0    0    0    0    0    0    0    0    0    0    0    0    0    0    0    0    0    0    0    0    0    0    0    0   65   93  116   96   93   76   75   77   82   89   70   58    0    0    0    0    0    0    0    0    0    0    0    0    0    0    0    0    0    0    0    0    0    0    0    0    0    0    0    0    0    0    0    0    0    0    0    0    0    0    0    0    0    0    0    0    0    0    0    0    0    0    0    0    0    0    0 
  0    0    0    0    0    0    0    0    0    0    0    0    0    0    0    0    0    0    0    0    0    0    0    0    0    0    0    0    0    0    0    0    0    0    0    0    0    0    0    0    0    0    0    0    0    0    0    0    0    0    0    0  122  125  106   95   83   76   76   85   88   91   94   90   62   64    0    0    0    0    0    0    0    0    0    0    0    0    0    0    0    0    0    0    0    0    0    0    0    0    0    0    0    0    0    0    0    0    0    0    0    0    0    0    0    0    0    0    0    0    0    0    0    0    0    0    0    0    0    0 
  0    0    0    0    0    0    0    0    0    0    0    0    0    0    0    0    0    0    0    0    0    0    0    0    0    0    0    0    0    0    0    0    0    0    0    0    0    0    0    0    0    0    0    0    0    0    0    0    0    0   69  128  115   97   87   78   77   78   88   97   99   96   99   95   81   68    0    0    0    0    0    0    0    0    0    0    0    0    0    0    0    0    0    0    0    0    0    0    0    0    0    0    0    0    0    0    0    0    0    0    0    0    0    0    0    0    0    0    0    0    0    0    0    0    0    0    0    0    0    0 
  0    0    0    0    0    0    0    0    0    0    0    0    0    0    0    0    0    0    0    0    0    0    0    0    0    0    0    0    0    0    0    0    0    0    0    0    0    0    0    0    0    0    0    0    0    0    0    0   63   98  117  113   98   81   77   76   81   91  101  107  105  104  103   98   93   77   36    0    0    0    0    0    0    0    0    0    0    0    0    0    0    0    0    0    0    0    0    0    0    0    0    0    0    0    0    0    0    0    0    0    0    0    0    0    0    0    0    0    0    0    0    0    0    0    0    0    0    0    0    0 
  0    0    0    0    0    0    0    0    0    0    0    0    0    0    0    0    0    0    0    0    0    0    0    0    0    0    0    0    0    0    0    0    0    0    0    0    0    0    0    0    0    0    0    0    0    0   54   81  108  121  105   95   80   74   73   83   93  105  109  112  109  111  108  102   94   85   58    0    0    0    0    0    0    0    0    0    0    0    0    0    0    0    0    0    0    0    0    0    0    0    0    0    0    0    0    0    0    0    0    0    0    0    0    0    0    0    0    0    0    0    0    0    0    0    0    0    0    0    0    0 
  0    0    0    0    0    0    0    0    0    0    0    0    0    0    0    0    0    0    0    0    0    0    0    0    0    0    0    0    0    0    0    0    0    0    0    0    0    0    0    0    0    0    0    0    0   76  101  124  116  113   91   78   72   72   83   97  107  113  114  114  115  115  111  109   96   89   69    0    0    0    0    0    0    0    0    0    0    0    0    0    0    0    0    0    0    0    0    0    0    0    0    0    0    0    0    0    0    0    0    0    0    0    0    0    0    0    0    0    0    0    0    0    0    0    0    0    0    0    0    0 
  0    0    0    0    0    0    0    0    0    0    0    0    0    0    0    0    0    0    0    0    0    0    0    0    0    0    0    0    0    0    0    0    0    0    0    0    0    0    0    0    0    0    0   70   91  113  127  131  113   86   74   72   75   84  102  109  114  117  116  118  119  116  116  113  104   92   77   37    0    0    0    0    0    0    0    0    0    0    0    0    0    0    0    0    0    0    0    0    0    0    0    0    0    0    0    0    0    0    0    0    0    0    0    0    0    0    0    0    0    0    0    0    0    0    0    0    0    0    0    0 
  0    0    0    0    0    0    0    0    0    0    0    0    0    0    0    0    0    0    0    0    0    0    0   74   78   76   75   73   72   52    0    0    0    0    0    0    0    0    0    0    0   39   84  105  123  131  131  113   85   73   66   77   91  104  112  112  117  120  118  120  119  117  116  114  109   95   80   42    0    0    0    0    0    0    0    0    0    0    0    0    0    0    0    0    0    0    0    0    0    0    0    0    0    0    0    0    0    0    0    0    0    0    0    0    0    0    0    0    0    0    0    0    0    0    0    0    0    0    0    0 
  0    0    0    0    0    0    0    0    0    0    0    0    0    0    0    0    0    0    0    0    0   60   72   70   68   68   73   73   70   71   64    0    0    0    0    0    0    0    0    0   75  101  117  128  136  133  115   89   71   68   78   98  108  112  117  116  120  121  119  119  118  116  114  113  109  100   82   44    0    0    0    0    0    0    0    0    0    0    0    0    0    0    0    0    0    0    0    0    0    0    0    0    0    0    0    0    0    0    0    0    0    0    0    0    0    0    0    0    0    0    0    0    0    0    0    0    0    0    0    0 
  0    0    0    0    0    0    0    0    0    0    0    0    0    0    0    0    0    0    0    0    0   74   71   63   60   49   58   64   67   66   62   54    0    0    0    0    0    0    0   89  112  125  133  137  137  120   86   72   68   84  105  112  112  116  117  117  118  118  118  116  115  113  111  109  107  100   82   40    0    0    0    0    0    0    0    0    0    0    0    0    0    0    0    0    0    0    0    0    0    0    0    0    0    0    0    0    0    0    0    0    0    0    0    0    0    0    0    0    0    0    0    0    0    0    0    0    0    0    0    0 
  0    0    0    0    0    0    0    0    0    0    0    0    0    0    0    0    0    0    0    0   59   64   52   44   40   33   40   45   56   57   58   55   27    0    0    0    0    0   94  120  132  136  138  135  123   94   71   70   90  107  115  117  115  115  114  114  113  113  112  111  110  109  106  104  101   96   84   31    0    0    0    0    0    0    0    0    0    0    0    0    0    0    0    0    0    0    0    0    0    0    0    0    0    0    0    0    0    0    0    0    0    0    0    0    0    0    0    0    0    0    0    0    0    0    0    0    0    0    0    0 
  0    0    0    0    0    0    0    0    0    0    0    0    0    0    0    0    0    0    0    0   57   56   59   60   52   48   35   22   35   41   49   48   33    0    0    0   67  100  115  127  135  138  135  124   99   75   83   97  110  114  114  115  113  109  106  105  105  106  105  105  103  103  103  100   95   95   72    2    0    0    0    0    0    0    0    0    0    0    0    0    0    0    0    0    0    0    0    0    0    0    0    0    0    0    0    0    0    0    0    0    0    0    0    0    0    0    0    0    0    0    0    0    0    0    0    0    0    0    0    0 
  0    0    0    0    0    0    0    0    0    0    0    0    0    0    0    0    0    0    0    0   56   66   66   66   59   50   44   36   22   30   37   40   26    0    0   83  103  113  124  130  134  133  126  103   84   94  108  112  115  110  108  107  102   99   96   96   95   94   95   95   93   93   99  103   97   85   47    0    0    0    0    0    0    0    0    0    0    0    0    0    0    0    0    0    0    0    0    0    0    0    0    0    0    0    0    0    0    0    0    0    0    0    0    0    0    0    0    0    0    0    0    0    0    0    0    0    0    0    0    0 
  0    0    0    0    0    0    0    0    0    0    0    0    0    0    0    0    0    0    0    0   57   64   70   68   63   55   49   40   30   14   21   31   20    0   84  106  114  125  130  131  131  123  107   90  104  117  115  106   96   91   91   92   90   86   82   82   81   77   80   85   92   97   85   97   81   49    0    0    0    0    0    0    0    0    0    0    0    0    0    0    0    0    0    0    0    0    0    0    0    0    0    0    0    0    0    0    0    0    0    0    0    0    0    0    0    0    0    0    0    0    0    0    0    0    0    0    0    0    0    0 
  0    0    0    0    0    0    0    0    0    0    0    0    0    0    0    0    0    0   43   47   49   50   52   48   47   41   36   29   32   21    8   17   55   91  105  114  125  131  134  130  121  106  100  100  121  108  101   99  100   77   64   65   69   81   90   91   99  106  115  113  105   91   82   50    8    0    0    0    0    0    0    0    0    0    0    0    0    0    0    0    0    0    0    0    0    0    0    0    0    0    0    0    0    0    0    0    0    0    0    0    0    0    0    0    0    0    0    0    0    0    0    0    0    0    0    0    0    0    0    0 
  0    0    0    0    0    0    0    0    0    0    0    0    0   44   54   61   67   72   74   73   72   73   74   79   83   86   85   79   75   63   51   28   76   90  104  122  130  133  134  122  106  113  115  104  109  113  129  135  124  118  134  128  127  122  119  109  107  101   99   89   81   40   28    0    0    0    0    0    0    0    0    0    0    0    0    0    0    0    0    0    0    0    0    0    0    0    0    0    0    0    0    0    0    0    0    0    0    0    0    0    0    0    0    0    0    0    0    0    0    0    0    0    0    0    0    0    0    0    0    0 
  0    0    0    0    0    0    0    0    0    0    0   57   66   73   76   80   82   83   84   87   92   95   98  104  109  115  115  111  102   91   79   64   41   44   93  116  129  133  132  116  107  124  125  131  135  132  125  124  116  113  117  113  112  106  104   92   83   71   51   31    0    0    0    0    0    0    0    0    0    0    0    0    0    0    0    0    0    0    0    0    0    0    0    0    0    0    0    0    0    0    0    0    0    0    0    0    0    0    0    0    0    0    0    0    0    0    0    0    0    0    0    0    0    0    0    0    0    0    0    0 
  0    0    0    0    0    0    0    0    0   61   72   76   79   80   86   88   89   91   96  100  104  108  110  114  119  125  127  122  106   87   68   65   62   25   30   93  121  130  129  120  116  129  131  137  119  118  111  114  110  107  106  101   93   82   72   58   25    0    0    0    0    0    0    0    0    0    0    0    0    0    0    0    0    0    0    0    0    0    0    0    0    0    0    0    0    0    0    0    0    0    0    0    0    0    0    0    0    0    0    0    0    0    0    0    0    0    0    0    0    0    0    0    0    0    0    0    0    0    0    0 
  0    0    0    0    0    0    0   55   66   76   82   84   88   93   96   98  102  105  105  109  110  111  109  112  120  129  134  128  103   68   70   66   65   41   15   46  109  125  126  121  119  127  122  117  110  111  109  108  104  100   93   81   61   47   16    0    0    0    0    0    0    0    0    0    0    0    0    0    0    0    0    0    0    0    0    0    0    0    0    0    0    0    0    0    0    0    0    0    0    0    0    0    0    0    0    0    0    0    0    0    0    0    0    0    0    0    0    0    0    0    0    0    0    0    0    0    0    0    0    0 
  0    0    0    0    0    0   57   72   72   84   88   91   95  101  104  109  112  112  112  113  113  110  107  102  117  128  136  129   98   49   83   69   56   39   19   22   76  113  120  113  115  118  112  108  106  108  100   99   87   74   52    3    0    0    0    0    0    0    0    0    0    0    0    0    0    0    0    0    0    0    0    0    0    0    0    0    0    0    0    0    0    0    0    0    0    0    0    0    0    0    0    0    0    0    0    0    0    0    0    0    0    0    0    0    0    0    0    0    0    0    0    0    0    0    0    0    0    0    0    0 
  0    0    0    0    0    0   73   61   76   89   93   96  100  106  112  115  117  117  116  115  114  109  101   97  104  125  134  124   85   63  103   89   44   38   22   21   58  100  108  106  110  110  105  103   97   94   87   74   51    0    0    0    0    0    0    0    0    0    0    0    0    0    0    0    0    0    0    0    0    0    0    0    0    0    0    0    0    0    0    0    0    0    0    0    0    0    0    0    0    0    0    0    0    0    0    0    0    0    0    0    0    0    0    0    0    0    0    0    0    0    0    0    0    0    0    0    0    0    0    0 
  0    0    0    0    0    0   74   64   84   94   97  100  105  112  117  119  122  122  121  118  114  107   95   88   93  113  127  120   72   83  113   99   57   24   22   22   57   86   94  101  102   97   97   84   79   60   39    0    0    0    0    0    0    0    0    0    0    0    0    0    0    0    0    0    0    0    0    0    0    0    0    0    0    0    0    0    0    0    0    0    0    0    0    0    0    0    0    0    0    0    0    0    0    0    0    0    0    0    0    0    0    0    0    0    0    0    0    0    0    0    0    0    0    0    0    0    0    0    0    0 
  0    0    0    0    0    0   64   78   93   99  100  102  111  118  124  125  127  126  124  120  113  104   94   80   84  103  117  115   66   91  118  103   67   21   17   24   52   72   86   90   87   81   65   55   25    0    0    0    0    0    0    0    0    0    0    0    0    0    0    0    0    0    0    0    0    0    0    0    0    0    0    0    0    0    0    0    0    0    0    0    0    0    0    0    0    0    0    0    0    0    0    0    0    0    0    0    0    0    0    0    0    0    0    0    0    0    0    0    0    0    0    0    0    0    0    0    0    0    0    0 
  0    0    0    0    0    0   49   88   95  102  102  109  118  124  127  129  128  127  125  120  109  103   89   75   75   89  106  105   61   99  111  101   71   36   10   34   46   56   78   70   60   42   20    0    0    0    0    0    0    0    0    0    0    0    0    0    0    0    0    0    0    0    0    0    0    0    0    0    0    0    0    0    0    0    0    0    0    0    0    0    0    0    0    0    0    0    0    0    0    0    0    0    0    0    0    0    0    0    0    0    0    0    0    0    0    0    0    0    0    0    0    0    0    0    0    0    0    0    0    0 
  0    0    0    0    0    0   69   90   97  103  106  115  122  127  128  129  129  127  124  118  108   95   83   72   69   75   93   90   81  110  107   98   83   54   12   47   34   35   49   31   33    0    0    0    0    0    0    0    0    0    0    0    0    0    0    0    0    0    0    0    0    0    0    0    0    0    0    0    0    0    0    0    0    0    0    0    0    0    0    0    0    0    0    0    0    0    0    0    0    0    0    0    0    0    0    0    0    0    0    0    0    0    0    0    0    0    0    0    0    0    0    0    0    0    0    0    0    0    0    0 
  0    0    0    0    0    0   74   88  101  107  111  120  127  130  130  129  129  126  123  114  105   88   80   69   65   65   89   98  119  123  112   99   89   65   17   46   28   17   14    0    0    0    0    0    0    0    0    0    0    0    0    0    0    0    0    0    0    0    0    0    0    0    0    0    0    0    0    0    0    0    0    0    0    0    0    0    0    0    0    0    0    0    0    0    0    0    0    0    0    0    0    0    0    0    0    0    0    0    0    0    0    0    0    0    0    0    0    0    0    0    0    0    0    0    0    0    0    0    0    0 
  0    0    0    0    0    0   78   93  104  110  116  124  131  134  133  131  129  126  121  110  103   86   75   68   61   65   99  114  124  123  113  104   89   67   24   50   34   17    0    0    0    0    0    0    0    0    0    0    0    0    0    0    0    0    0    0    0    0    0    0    0    0    0    0    0    0    0    0    0    0    0    0    0    0    0    0    0    0    0    0    0    0    0    0    0    0    0    0    0    0    0    0    0    0    0    0    0    0    0    0    0    0    0    0    0    0    0    0    0    0    0    0    0    0    0    0    0    0    0    0 
  0    0    0    0    0    0   78   94  108  114  120  130  135  138  136  132  130  126  122  110   97   84   72   65   62   76   95  112  112  110  107  102   90   73   41   44   40   18    0    0    0    0    0    0    0    0    0    0    0    0    0    0    0    0    0    0    0    0    0    0    0    0    0    0    0    0    0    0    0    0    0    0    0    0    0    0    0    0    0    0    0    0    0    0    0    0    0    0    0    0    0    0    0    0    0    0    0    0    0    0    0    0    0    0    0    0    0    0    0    0    0    0    0    0    0    0    0    0    0    0 
  0    0    0    0    0   49   79   95  112  117  126  134  140  141  140  132  126  126  120  109   93   85   69   64   70   85   99  110  109  102   99   96   90   79   57   37   42   22    0    0    0    0    0    0    0    0    0    0    0    0    0    0    0    0    0    0    0    0    0    0    0    0    0    0    0    0    0    0    0    0    0    0    0    0    0    0    0    0    0    0    0    0    0    0    0    0    0    0    0    0    0    0    0    0    0    0    0    0    0    0    0    0    0    0    0    0    0    0    0    0    0    0    0    0    0    0    0    0    0    0 
  0    0    0    0    0   63   77   98  116  122  131  139  145  146  143  134  126  127  119  109   96   85   70   64   74   94  103  112  113  109   97   94   95   85   69   50   33   28    0    0    0    0    0    0    0    0    0    0    0    0    0    0    0    0    0    0    0    0    0    0    0    0    0    0    0    0    0    0    0    0    0    0    0    0    0    0    0    0    0    0    0    0    0    0    0    0    0    0    0    0    0    0    0    0    0    0    0    0    0    0    0    0    0    0    0    0    0    0    0    0    0    0    0    0    0    0    0    0    0    0 
  0    0    0    0    0   73   78  105  121  126  136  145  149  150  145  137  129  129  124  109   98   84   75   65   73   93  109  118  118  114  106   95   92   93   84   61   49   29   16    0    0    0    0    0    0    0    0    0    0    0    0    0    0    0    0    0    0    0    0    0    0    0    0    0    0    0    0    0    0    0    0    0    0    0    0    0    0    0    0    0    0    0    0    0    0    0    0    0    0    0    0    0    0    0    0    0    0    0    0    0    0    0    0    0    0    0    0    0    0    0    0    0    0    0    0    0    0    0    0    0 
  0    0    0    0    0   82   80  109  123  130  141  150  152  152  148  142  136  132  126  113   99   87   75   67   68   85  109  121  121  117  110  102   93   93   92   77   53   46   28    0    0    0    0    0    0    0    0    0    0    0    0    0    0    0    0    0    0    0    0    0    0    0    0    0    0    0    0    0    0    0    0    0    0    0    0    0    0    0    0    0    0    0    0    0    0    0    0    0    0    0    0    0    0    0    0    0    0    0    0    0    0    0    0    0    0    0    0    0    0    0    0    0    0    0    0    0    0    0    0    0 
  0    0    0    0    0   86   90  111  124  131  142  149  153  151  149  147  143  138  129  116  102   93   80   69   66   74  103  118  118  116  108  104  101   95   93   86   65   47   44   17    0    0    0    0    0    0    0    0    0    0    0    0    0    0    0    0    0    0    0    0    0    0    0    0    0    0    0    0    0    0    0    0    0    0    0    0    0    0    0    0    0    0    0    0    0    0    0    0    0    0    0    0    0    0    0    0    0    0    0    0    0    0    0    0    0    0    0    0    0    0    0    0    0    0    0    0    0    0    0    0 
  0    0    0    0   71   95  103  109  123  129  141  145  148  149  151  152  148  143  135  122  108   98   88   75   64   70   97  115  121  117  104   98  103  101   97   84   74   57   44   39    0    0    0    0    0    0    0    0    0    0    0    0    0    0    0    0    0    0    0    0    0    0    0    0    0    0    0    0    0    0    0    0    0    0    0    0    0   26    0    0    0    0    0    0    0    0    0    0    0    0    0    0    0    0    0    0    0    0    0    0    0    0    0    0    0    0    0    0    0    0    0    0    0    0    0    0    0    0    0    0 
  0    0    0    0   87  113  115  115  121  125  134  140  143  148  152  152  150  147  141  129  115  101   90   79   67   68   91  115  125  124  110   93   98  103   99   94   74   62   48   38   30    0    0    0    0    0    0    0    0    0    0    0    0    0    0    0    0    0    0    0    0    0    0    0    0    0    0   43   53   65   63   64   67   72   76   77   77   78   75   69   62   52   41   17    0    0    0    0    0    0    0    0    0    0    0    0    0    0    0    0    0    0    0    0    0    0    0    0    0    0    0    0    0    0    0    0    0    0    0    0 
  0    0    0   59  101  119  123  131  125  119  122  133  140  146  149  151  152  150  148  137  122  108   92   77   68   67   85  114  126  129  116   96   94   99   97   97   80   61   53   43   47   21    0    0    0    0    0    0    0    0    0    0    0    0    0    0    0    0    0    0    0    0    0   37   57   66   71   81   84   84   85   88   86   83   81   81   82   83   85   86   84   81   77   65   47   30    0    0    0    0    0    0    0    0    0    0    0    0    0    0    0    0    0    0    0    0    0    0    0    0    0    0    0    0    0    0    0    0    0    0 
  0    0    0   74  109  121  130  144  140  131  116  122  137  140  145  151  153  151  150  145  126  116   94   79   65   65   79  113  129  131  122  103   95   93   94   91   86   68   53   50   41   70   54   48   38   26    0    0    0    0    0    0    0    0    0    0    0    0    0    0   48   62   68   70   73   79   85   86   88   91   95   98  102  101  100  100   97   96   94   91   91   90   89   86   79   73   52   34    0    0    0    0    0    0    0    0    0    0    0    0    0    0    0    0    0    0    0    0    0    0    0    0    0    0    0    0    0    0    0    0 
  0    0    0   91  112  123  131  146  150  148  139  123  127  135  142  150  152  152  150  146  133  120  104   79   63   59   77  112  127  130  123  105  100   92   93   84   75   73   53   61   56   70   75   69   67   63   61   55   52   36    0    0    0    0    0    0    0   47   62   66   70   68   72   78   85   90   90   93   97   95   92   94   98  101  105  112  116  117  113  109  102   96   98   98   88   80   80   67   53   49    0    0    0    0    0    0    0    0    0    0    0    0    0    0    0    0    0    0    0    0    0    0    0    0    0    0    0    0    0    0 
  0    0    0   95  112  124  131  148  152  152  150  130  121  132  141  148  150  152  149  144  136  121  103   78   61   51   73  107  121  127  119  102  103   96   90   91   64   71   64   75   91   87   80   75   74   76   72   69   61   63   67   60   56   60   60   59   59   60   59   64   74   83   90   95   99  100  105  112  114  118  117  112  108  103  107  109  119  124  127  124  119  111  109  109   98   87   85   83   72   58   55   38    0    0    0    0    0    0    0    0    0    0    0    0    0    0    0    0    0    0    0    0    0    0    0    0    0    0    0    0 
  0    0    0   93  109  122  130  145  151  152  151  134  118  130  139  147  145  148  146  141  132  120   94   73   55   47   71  102  119  125  116  102  100   96   95   98   79   66   89   91  102   93   88   95   99   97   89   85   81   74   67   67   74   65   60   65   64   73   79   84   89   93   96  102  107  111  116  118  120  121  123  124  121  113  108  108  109  122  129  129  129  124  120  121  114   96   91   93   92   84   72   56   42    0    0    0    0    0    0    0    0    0    0    0    0    0    0    0    0    0    0    0    0    0    0    0    0    0    0    0 
  0    0    0   84  101  117  126  138  145  149  148  136  114  125  134  143  142  139  140  135  123  109   81   65   47   45   68  100  116  122  114  104   94   94   96  100   86   62  102  110  103   97  100  106  114  116  109   96   88   81   80   73   62   66   74   80   88   91   94  100  106  109  113  116  118  122  124  127  125  125  123  124  124  123  116  112  110  113  125  132  133  130  127  130  125  113  109  108  109  101   91   77   60   53    0    0    0    0    0    0    0    0    0    0    0    0    0    0    0    0    0    0    0    0    0    0    0    0    0    0 
  0    0    0   68   93  109  119  130  135  142  143  138  108  119  126  133  137  134  134  127  112   91   73   60   43   45   67   95  112  118  112  100   89   93   99  109  106   93  104  106  102  102  104  112  121  127  126  116  106   97   91   89   92   97  104  102  101  103  107  114  120  125  127  127  130  130  127  128  130  131  130  127  128  128  126  122  116  113  123  127  132  132  130  136  134  128  123  123  118  111  102   92   79   69   57   24    0    0    0    0    0    0    0    0    0    0    0    0    0    0    0    0    0    0    0    0    0    0    0    0 
  0    0    0   31   80   99  109  117  131  134  135  133  102  110  117  122  127  127  125  115  101   79   64   49   40   44   66   89  106  112  108   94   93  108  116  124  123  121  108  106  108  108  114  116  121  131  136  132  124  111  107  105  110  117  119  110  108  112  116  121  123  128  127  132  135  132  129  127  129  134  134  133  132  132  131  131  127  120  123  128  126  131  129  135  140  134  132  130  125  117  112   99   92   85   76   62   25    0    0    0    0    0    0    0    0    0    0    0    0    0    0    0    0    0    0    0    0    0    0    0 
  0    0    0    0   59   84   96  106  117  124  122  125  104   89  103  109  108  109  105   95   82   61   54   38   37   46   65   96  111  116  116  107  111  131  132  130  115  116  112  110  113  116  119  120  117  125  133  133  129  121  112  110  111  118  118  109  111  115  122  124  126  126  127  133  133  131  133  133  134  135  136  137  136  134  132  135  135  129  128  126  126  129  128  126  139  136  135  135  130  120  117  110  100   96   86   70   61   20    0    0    0    0    0    0    0    0    0    0    0    0    0    0    0    0    0    0    0    0    0    0 
  0    0    0    0    0   59   78   89  100  106  113  124  122  102   82   87   95   92   84   70   57   49   39   37   40   53   81  114  129  134  137  134  133  138  129  125  119  109  112  115  117  120  124  122  118  116  124  125  123  121  119  119  117  114  112  106  108  118  123  126  130  128  128  129  130  133  135  138  138  138  139  140  141  140  134  133  138  136  134  131  129  131  136  131  132  134  133  136  134  122  118  118  110  106   99   84   67   52    0    0    0    0    0    0    0    0    0    0    0    0    0    0    0    0    0    0    0    0    0    0 
  0    0    0    0    0   35   53   62   71   80   91  106  119  114   98   76   73   70   60   50   42   39   34   32   62   93  120  139  148  150  149  147  138  132  124  121  121  116  112  115  117  122  126  128  124  118  120  122  122  123  124  125  122  117  109  104  115  125  128  131  132  129  128  131  133  135  137  137  136  138  141  143  147  147  143  136  136  140  137  134  134  136  140  140  135  130  129  130  137  129  118  117  115  112  108   96   78   63   49    0    0    0    0    0    0    0    0    0    0    0    0    0    0    0    0    0    0    0    0    0 
  0    0    0    0    0    0   40   22   36   45   59   66   77   85   88   75   59   49   41   36   36   33   34   53  115  134  141  143  143  142  138  136  131  128  125  121  118  114  111  113  115  116  122  129  129  125  122  121  120  122  123  123  121  117  109  114  127  132  133  135  133  133  134  135  137  140  140  139  136  138  142  144  147  150  150  146  139  139  136  133  135  141  144  144  140  133  127  125  126  129  124  116  114  109  107  102   88   73   64   43    0    0    0    0    0    0    0    0    0    0    0    0    0    0    0    0    0    0    0    0 
  0    0    0    0    0    0    0   31   48   40   16   24   32   39   46   46   44   36   36   37   36   61  114  148  149  148  142  136  132  128  125  122  121  124  128  129  125  121  118  116  118  117  120  128  132  131  128  124  123  123  122  121  121  118  115  127  133  134  136  137  140  141  139  141  144  145  145  144  142  140  143  144  144  148  151  150  146  141  137  133  134  142  145  141  138  135  128  129  127  122  124  121  117  112  103   99   89   81   73   65   19    0    0    0    0    0    0    0    0    0    0    0    0    0    0    0    0    0    0    0 
  0    0    0    0    0    0    0    0   21   48   48   73   24   24   28   31   38   48   45   32  136  134  152  152  145  139  135  131  128  125  123  121  121  123  131  138  134  131  129  125  122  122  121  129  136  137  135  132  130  128  125  125  126  122  127  134  133  135  138  141  145  144  143  147  149  149  148  148  147  145  145  144  143  144  147  148  145  141  141  139  137  138  135  127  126  126  122  121  128  127  126  128  125  121  115   96   89   77   79   74   55    0    0    0    0    0    0    0    0    0    0    0    0    0    0    0    0    0    0    0 
  0    0    0    0    0    0    0    0    0    0   52   81   85   66   43   66   96  128  145  147  150  152  145  142  139  135  132  130  129  127  126  127  132  130  128  142  141  139  137  132  129  124  121  128  139  141  139  137  135  131  130  130  130  129  133  132  135  138  141  143  146  147  146  150  151  151  151  151  152  151  150  147  142  142  143  145  143  141  146  142  136  122  107  107  111  112  109  107  107  113  127  136  134  130  125  112   93   82   75   82   71   35    0    0    0    0    0    0    0    0    0    0    0    0    0    0    0    0    0    0 
  0    0    0    0    0    0    0    0    0    0   54   86   92   98   96   98  112  140  151  153  150  141  137  137  135  133  132  131  131  129  130  134  137  140  132  141  143  142  140  138  135  128  120  126  138  140  137  137  133  131  132  133  132  134  131  134  137  142  145  145  140  149  148  151  152  152  152  152  153  152  153  152  147  136  139  142  145  140  141  131  111   98  103  105  107  109  107  105  103   99   89  127  138  133  127  117  105   92   76   83   75   62   12    0    0    0    0    0    0    0    0    0    0    0    0    0    0    0    0    0 
  0    0    0    0    0    0    0    0    0    0   59   86  100  106  106  111  120  141  149  150  141  133  133  133  134  135  135  135  134  134  137  136  135  141  138  138  142  143  143  143  140  130  126  128  134  135  133  133  130  131  134  135  134  132  132  138  140  142  146  147  141  146  149  152  151  152  153  153  151  152  153  153  152  143  136  138  141  135  122  107  102  108  109  107  107  108  110  109  107  107  100   77  120  126  120  111  115  103   83   77   81   78   42    0    0    0    0    0    0    0    0    0    0    0    0    0    0    0    0    0 
  0    0    0    0    0    0    0    0    0    0   56   95  107  107  111  115  122  138  145  142  134  131  132  134  135  138  140  140  140  141  139  138  134  140  140  132  138  143  145  149  144  131  132  135  134  132  132  132  131  133  136  137  136  133  137  141  142  139  146  150  149  143  149  152  152  151  152  152  153  153  153  152  153  152  143  137  133  123  110  106  109  113  117  118  118  118  117  116  111  110  109  107   84  102  110  101  105  108   95   80   75   80   59    9    0    0    0    0    0    0    0    0    0    0    0    0    0    0    0    0 
  0    0    0    0    0    0    0    0    0   52   81  101  109  111  113  114  126  135  137  133  131  132  136  138  141  145  146  145  145  145  143  139  134  139  139  131  129  142  149  150  146  133  135  141  138  134  135  134  132  135  137  140  141  140  141  143  146  144  141  150  152  148  140  150  151  143  137  147  144  147  151  152  152  151  148  138  121  114  112  120  126  130  137  136  133  134  132  128  121  112  109  111  106   96  107  100   84  107  100   85   73   76   74   35    0    0    0    0    0    0    0    0    0    0    0    0    0    0    0    0 
  0    0    0    0    0    0    0    0    0   63   93  103  112  112  112  117  129  128  129  128  133  137  141  143  148  151  149  150  150  151  150  143  139  141  136  134  129  137  149  150  148  137  140  145  142  137  137  135  132  135  139  144  147  145  146  147  150  151  145  147  152  146  138  128   91   86   70   55   50   49   48   51   50   46   52   68   83  100  116  128  136  141  146  146  142  141  142  141  133  122  113  108  106  104  115  111   93   80  102   90   75   74   72   48    0    0    0    0    0    0    0    0    0    0    0    0    0    0    0    0 
  0    0    0    0    0    0    0    0   47   81   96  107  111  111  114  120  127  121  126  131  137  141  147  149  152  152  150  151  152  153  153  148  144  145  139  141  138  130  146  149  147  142  143  148  144  141  142  136  135  141  138  142  151  147  150  151  149  150  145  135  125  111   80   65   65   73   80   84   86   86   88   87   88   85   80   73   71   71   96  120  133  141  144  145  143  142  143  146  142  134  126  111  104   98  118  123  108   87   91   92   79   72   64   52   18    0    0    0    0    0    0    0    0    0    0    0    0    0    0    0 
  0    0    0    0    0    0    0    0   59   85   98  108  110  112  117  122  123  120  128  134  141  145  150  151  151  150  147  147  148  151  152  152  147  145  143  145  142  131  142  149  146  145  147  149  144  144  144  138  142  146  143  131  152  149  147  151  150  143  133   93   64   60   67   82   96   96  100  106  105  104  107  108  112  112  104   98   97   96   85   92  112  125  133  133  135  138  142  145  147  143  135  122  108   94  110  124  114   98   87   92   78   74   68   58   40    0    0    0    0    0    0    0    0    0    0    0    0    0    0    0 
  0    0    0    0    0    0    0    0   67   88   99  107  112  115  123  119  119  121  131  137  144  149  151  150  146  142  140  139  138  139  144  150  150  148  146  148  144  133  139  146  145  145  151  150  144  143  143  142  148  151  150  139  120  152  146  144  136  109   60   69   79   90  100  104  103  103  116  116  118  119  120  122  126  127  122  115  111  112  113  104  104  112  118  121  117  124  136  141  148  147  139  129  118  102   99  121  115  103   94   95   81   68   78   58   49   14    0    0    0    0    0    0    0    0    0    0    0    0    0    0 
  0    0    0    0    0    0    0    0   73   93  100  106  113  120  127  114  118  123  133  141  149  152  152  145  139  135  137  139  137  135  133  138  148  151  148  152  148  135  138  143  143  146  153  149  142  143  145  148  152  152  152  153  138  136  139   92   80   65   83   96  105  109  116  113  110  125  129  128  130  131  131  132  135  136  136  130  125  118  122  121  118  113  112  114  113  101  121  133  148  150  143  132  124  112  100  114  115  107  101   94   85   64   82   60   53   40    0    0    0    0    0    0    0    0    0    0    0    0    0    0 
  0    0    0    0    0    0    0    0   78   94  101  107  113  123  122  109  119  125  136  146  152  153  150  138  136  138  144  146  146  145  141  134  142  152  150  152  147  136  142  142  143  147  153  146  142  146  149  152  153  152  148  148  153  141  108   74   78   95  107  117  116  125  129  124  135  138  139  138  139  139  140  141  142  142  143  142  136  127  120  125  128  126  120  116  114  109   90  121  147  151  147  135  127  119  109  112  114  111  106   98   88   75   70   64   56   52    0    0    0    0    0    0    0    0    0    0    0    0    0    0 
  0    0    0    0    0    0    0    0   79   94  102  107  112  122  111  109  122  128  140  149  151  152  143  135  139  143  149  152  152  151  149  140  137  149  153  152  144  142  145  144  144  147  152  146  144  148  151  153  152  151  149  148  148  123   77   92   95  111  121  123  128  139  138  140  147  149  146  145  146  145  145  146  146  145  144  144  143  136  127  124  128  131  128  122  120  119   87  104  149  151  149  138  126  120  112  115  117  113  109  101   88   81   70   61   59   56   11    0    0    0    0    0    0    0    0    0    0    0    0    0 
  0    0    0    0    0    0    0    0   78   94  103  106  108  114  105  113  125  130  143  150  151  146  133  140  142  148  152  153  152  152  152  146  142  146  148  151  147  141  144  146  148  149  153  146  148  148  146  152  150  150  151  152  132   84   94   84  111  119  127  130  140  145  146  150  149  152  149  150  150  148  147  148  148  147  145  142  142  140  134  129  128  132  133  124  118  125  102   83  143  149  149  140  127  116  110  115  124  123  115  100   92   81   71   57   59   54   31    0    0    0    0    0    0    0    0    0    0    0    0    0 
  0    0    0    0    0    0    0    0   76   93  104  103  102  107  104  118  129  130  143  150  147  134  134  144  146  151  153  151  150  148  150  148  150  148  144  144  141  133  131  141  148  151  153  147  151  151  143  140  149  149  152  146   93   90   90   99  118  125  132  141  145  149  151  151  149  152  151  152  151  150  148  149  149  148  146  144  139  138  135  133  133  134  136  129  110  124  110   87  136  146  147  140  128  114  104  110  129  133  124  101   91   77   74   61   60   53   37    0    0    0    0    0    0    0    0    0    0    0    0    0 
  0    0    0    0    0    0    0    0   71   90   98  102   97  105  106  121  131  132  141  148  140  133  140  147  150  152  152  149  145  148  148  152  152  149  149  146  143  136  127  127  143  152  152  147  152  149  148  135  143  149  152  127   86   85   88  111  119  129  136  142  147  151  152  152  146  150  152  152  152  152  149  149  149  148  146  144  141  138  138  136  135  135  137  129  108  117  111  103  131  144  146  138  129  113   97  106  129  141  130  102   86   75   73   65   55   55   40    0    0    0    0    0    0    0    0    0    0    0    0    0 
  0    0    0    0    0    0    0    0   62   84   93   97   96  103  109  124  131  133  138  143  135  135  142  149  150  149  149  146  144  151  151  152  151  151  152  151  148  141  133  127  127  150  150  146  152  146  150  148  136  140  148  116   81   86   93  112  124  135  139  143  148  152  153  153  149  150  152  151  151  153  152  150  149  149  148  147  147  143  142  141  138  134  133  124  103  119  117  116  134  141  143  135  131  116   98   97  123  142  137  105   82   73   76   70   56   57   45    0    0    0    0    0    0    0    0    0    0    0    0    0 
  0    0    0    0    0    0    0    0   42   75   87   91   97  103  111  124  130  132  135  139  131  135  142  148  150  148  145  142  143  151  151  150  152  153  153  152  148  141  133  131  130  145  150  146  152  146  140  146  143  132  131  103   74   91   90  114  131  139  141  147  148  150  153  153  152  150  152  149  148  153  153  152  151  151  151  150  150  147  143  142  138  132  127  120  106  124  126  127  132  139  136  128  130  125  106   83  119  141  136  105   80   72   82   78   62   58   47    0    0    0    0    0    0    0    0    0    0    0    0    0 
  0    0    0    0    0    0    0    0    0   66   73   85   96  102  114  123  128  131  132  135  129  133  139  146  150  149  146  141  147  150  148  150  153  150  148  146  144  141  135  128  133  146  148  148  152  149  134  135  142  141  119   86   73   91   91  120  135  140  144  150  148  146  153  152  152  152  151  146  145  153  152  153  152  152  152  151  149  145  140  139  137  130  123  115  118  133  131  131  132  137  133  120  116  125  113   80  113  139  131   99   83   76   87   81   70   54   45    0    0    0    0    0    0    0    0    0    0    0    0    0 
  0    0    0    0    0    0    0    0    0   30   53   81   96  101  114  122  125  128  131  133  129  130  136  142  148  149  145  144  150  149  145  151  152  147  143  141  140  140  132  125  133  149  146  147  152  150  136  126  140  149  114   81   73   86   93  125  138  140  145  152  149  146  153  151  152  152  151  146  143  152  152  153  152  152  151  148  145  142  136  136  136  131  124  123  133  136  134  130  132  136  135  124  107  110  114   84  111  135  128   97   84   80   93   85   71   55   50   11    0    0    0    0    0    0    0    0    0    0    0    0 
  0    0    0    0    0    0    0    0    0    0   54   80   93  100  110  120  123  124  129  131  130  129  132  136  144  147  143  147  151  147  144  151  150  142  142  143  145  141  130  124  136  151  145  145  151  148  134  124  139  151  114   75   74   80   96  126  138  139  142  149  150  144  152  148  151  153  152  149  144  150  152  152  152  151  151  146  141  138  135  137  138  136  130  135  138  135  134  131  124  131  134  126  114  101  103   89  113  129  120   99   79   84   95   90   67   58   54   19    0    0    0    0    0    0    0    0    0    0    0    0 
  0    0    0    0    0    0    0    0    0    0   55   71   92   97  106  113  118  120  125  128  129  128  130  132  138  142  140  148  150  146  145  148  144  137  146  150  149  143  129  127  148  153  149  147  148  145  133  126  139  151  119   75   70   73   96  122  134  137  137  141  146  145  152  147  149  152  152  149  148  150  149  148  148  147  147  142  137  139  144  146  145  142  135  141  142  138  136  134  123  123  129  131  119  101   93  102  116  124  117  102   79   84   95   88   65   58   52   25    0    0    0    0    0    0    0    0    0    0    0    0 
  0    0    0    0    0    0    0    0    0    0   47   47   84   94  102  106  110  114  121  125  126  128  127  129  132  138  141  147  148  145  145  144  134  137  150  152  150  141  126  138  153  149  150  153  149  142  132  129  142  150  123   78   73   68   88  112  127  133  135  136  141  147  151  149  147  151  151  147  152  150  148  148  145  143  140  135  134  146  150  148  144  139  137  146  146  142  138  134  123  116  122  128  123  102   92  109  119  121  115  102   83   79   95   82   66   55   53   32    0    0    0    0    0    0    0    0    0    0    0    0 
  0    0    0    0    0    0    0    0    0    0    0   71   67   87   93  100  102  109  116  124  123  125  125  126  129  136  143  145  146  145  142  137  132  141  147  151  148  136  126  148  149  149  152  151  146  142  138  138  145  150  131   82   79   64   71  105  119  125  132  137  141  147  151  149  148  148  149  151  152  148  150  150  148  143  135  123  138  150  150  148  144  137  137  149  147  142  138  134  119  114  121  124  122  100   94  111  119  119  111   99   86   79   92   77   67   52   58   38    0    0    0    0    0    0    0    0    0    0    0    0 
  0    0    0    0    0    0    0    0    0    0    0   54   29   67   84   91   98  103  112  122  123  124  123  124  129  136  143  143  143  144  139  133  135  143  144  146  143  130  130  153  150  152  152  147  141  143  144  146  146  150  145   90   82   71   69   95  116  123  129  139  144  145  149  149  149  147  149  152  148  150  152  152  150  145  132  114  147  151  151  148  144  134  139  149  146  136  134  133  120  113  118  120  120   95   96  113  119  119  107   90   96   88   83   73   69   52   56   39    0    0    0    0    0    0    0    0    0    0    0    0 
  0    0    0    0    0    0    0    0    0    0    0    0   49   39   70   81   92   98  108  118  124  124  124  124  125  135  139  140  139  140  136  131  138  143  143  142  136  129  143  152  150  152  150  142  141  147  150  148  144  145  149  111   77   79   65   81  113  126  128  137  147  146  144  146  147  148  149  148  148  151  153  152  149  141  124  123  151  153  152  149  143  129  134  147  142  127  125  130  125  115  114  115  112   87   97  116  120  114  101   86  106   93   77   70   71   55   52   38    0    0    0    0    0    0    0    0    0    0    0    0 
  0    0    0    0    0    0    0    0    0    0    0    0    0   42   51   74   85   95  102  111  123  123  124  123  122  125  130  133  134  133  130  128  131  135  137  137  129  136  150  152  152  151  146  142  146  152  152  147  139  140  149  133   75   85   70   73   99  121  128  134  146  148  141  140  144  147  146  145  149  151  151  150  143  134  123  129  151  152  152  149  142  129  127  142  138  118  120  129  130  120  108  109  104   75  105  120  117  104   95  106  113   94   71   74   70   61   52   37    0    0    0    0    0    0    0    0    0    0    0    0 
  0    0    0    0    0    0    0    0    0    0    0    0    0    0   46   63   79   87   95  102  112  122  122  120  119  118  115  118  122  124  125  124  126  122  121  123  123  139  149  150  152  149  144  146  151  152  151  143  135  139  147  142   96   82   78   75   89  115  126  134  144  149  143  134  140  144  142  144  145  147  146  144  137  130  127  132  149  150  150  146  140  130  123  138  138  118  118  131  131  124  111  107   95   69  110  120  109   99  105  118  115   89   72   80   70   63   45   37    0    0    0    0    0    0    0    0    0    0    0    0 
  0    0    0    0    0    0    0    0    0    0    0    0    0    0   50   51   68   78   85   91   98  109  115  116  114  114  112  110  114  114  117  121  123  115  103  103  119  133  143  147  150  148  147  150  152  152  149  142  133  137  144  146  109   77   82   74   85  106  123  133  141  149  146  142  134  138  136  137  137  138  138  137  132  131  133  138  148  150  148  145  139  134  125  133  138  127  117  126  132  127  114  103   85   74  112  115  103  116  123  122  107   81   85   81   67   61   44   41   34    0    0    0    0    0    0    0    0    0    0    0 
  0    0    0    0    0    0    0    0    0    0    0    0    0    0    0   52   52   67   74   81   87   95  102  107  111  111  112  110  111  117  118  120  122  120  114  114  119  127  134  141  148  148  149  151  152  152  148  142  131  133  141  147  126   77   87   75   85   96  122  132  138  149  146  148  135  137  134  131  130  132  133  136  136  139  140  141  148  150  148  145  141  136  131  129  134  131  120  120  126  125  114   94   74   88  113  111  121  132  130  117   98   86   92   80   61   58   49   48   57   52   58   68   71   70   59   31    0    0    0    0 
  0    0    0    0    0    0    0    0    0    0    0    0    0    0    0   41   42   54   66   73   77   84   92  100  105  110  111  111  108  116  124  127  126  123  122  126  126  129  129  133  141  148  151  152  152  151  148  142  129  130  140  147  134   88   81   79   81   88  118  131  137  147  145  147  140  143  143  142  142  142  143  145  147  147  145  145  150  151  149  146  143  138  135  131  128  129  123  121  117  119  109   81   80  109  120  117  131  135  126  109  105   94   92   77   57   58   62   71   77   74   81   91   94   94   85   70   40    0    0    0 
  0    0    0    0    0    0    0    0    0    0    0    0    0    0    0    0   28   36   48   61   69   73   82   88   96  102  107  108  108  106  114  125  130  130  130  130  124  127  129  131  138  146  152  153  152  151  147  140  127  127  136  146  137   97   77   85   79   82  107  127  133  142  142  150  145  145  150  151  151  151  152  152  152  149  147  148  150  148  147  147  145  137  134  135  129  120  117  120  114  111  100   82  104  121  126  121  130  128  122  110  111   97   89   73   51   63   87  100   97   94  104  107  108  106   98   82   65   28    0    0 
  0    0    0    0    0    0    0    0    0    0    0    0    0    0    0    0    0    0   40   43   53   61   67   76   84   86   93   99  101  102  100  102  111  120  126  127  117  121  127  132  139  145  150  153  152  150  146  135  125  126  136  145  142  103   82   82   81   81   95  120  127  141  145  152  144  145  150  152  152  153  152  153  153  149  150  149  147  144  143  145  144  134  128  136  131  116  112  119  116  108   93  100  119  129  130  124  124  121  121  121  114   96   85   71   45   74  113  122  116  115  117  120  118  116  110   96   74   51    0    0 
  0    0    0    0    0    0    0    0    0    0    0    0    0    0    0    0    0    0    0   48   53   50   57   64   69   76   79   84   88   92   92   93   93   97  110  116  111  117  123  132  137  146  149  152  152  148  142  132  124  127  135  142  144  112   85   83   81   83   87  113  123  142  151  148  140  147  150  151  153  153  152  152  153  150  152  150  149  144  142  142  141  129  119  131  129  113  111  119  116  107  105  112  122  131  132  124  114  116  127  126  113   91   80   70   47   93  119  124  115  120  126  125  127  122  116   99   79   60    0    0 
  0    0    0    0    0    0    0    0    0    0    0    0    0    0    0    0    0    0    0    0   62   63   59   65   60   64   69   71   74   78   83   82   82   83   89  107  110  116  121  126  134  147  150  152  151  148  140  128  121  127  134  142  145  117   89   90   84   83   90  108  119  138  148  142  144  148  150  152  153  152  151  149  151  152  153  152  150  145  141  140  137  124  103  124  125  115  113  118  111  119  124  114  123  132  132  121  107  118  130  126  106   86   74   70   53  111  133  123  124  128  131  130  130  126  119  105   82   61   20    0 
  0    0    0    0    0    0    0    0    0    0    0    0    0    0    0    0    0    0    0    0   18   64   65   67   65   64   62   63   63   66   67   68   73   75   84  100  109  112  118  124  132  145  150  151  150  146  138  123  120  128  136  143  148  117   94   98   89   87   89  106  119  133  141  139  144  146  150  151  151  149  145  141  145  149  150  150  147  142  136  133  130  114   94  117  122  118  120  120  122  132  126  113  115  133  131  115  101  121  130  122  100   80   72   59   82  122  134  125  128  132  135  134  130  127  119  103   83   58   21    0 
  0    0    0    0    0    0    0    0    0    0    0    0    0    0    0    0    0    0    0    0    0    0   48   57   60   59   56   54   53   52   53   61   64   72   81   91  107  107  116  125  134  142  148  149  149  143  133  122  119  132  139  141  149  118   94  101   92   93   88  103  121  133  134  130  140  139  146  147  146  142  132  130  132  140  141  142  138  135  128  124  119  102  101  120  125  126  127  129  137  138  125  106  111  132  129  106  100  126  129  116   92   78   66   54  105  134  123  125  132  136  139  138  134  126  116  100   81   58   19    0 
  0    0    0    0    0    0    0    0    0    0    0    0    0    0    0    0    0    0    0    0    0    0    0   27   41   48   54   59   63   62   60   59   56   71   77   80  101  105  115  128  136  144  146  146  144  138  130  123  126  135  136  139  148  118   95  101   93   96   90  100  125  134  127  118  133  131  137  143  140  134  123  134  126  132  133  130  128  126  118  119  116  124  120  116  127  133  136  140  144  137  121  100  107  127  126   94  108  125  126  107   88   76   54   73  129  138  128  132  137  140  141  139  134  124  113   91   76   59   11    0 
  0    0    0    0    0    0    0    0    0    0    0    0    0    0    0    0    0    0    0    0    0    0    0    0    0   26   37   42   43   49   47   64   64   62   56   74   95  105  115  130  138  148  149  147  143  135  131  129  130  131  134  139  148  117   96  100   92   95   96  103  128  141  135  119  127  129  126  137  136  130  129  147  141  139  138  131  122  122  120  128  130  138  135  115  119  132  139  145  146  136  113   97  101  122  115   89  113  122  121   98   82   62   62  107  147  137  136  139  144  143  140  137  131  122  107   79   75   60    0    0 
  0    0    0    0    0    0    0    0    0    0    0    0    0    0    0    0    0    0    0    0    0    0    0    0    0    0    0    0   22   33   43   45   73   68   60   71   92  105  114  130  140  148  151  149  144  138  136  130  130  131  134  142  148  111   95   97   94   95   99  106  125  145  144  130  121  132  126  127  137  139  146  153  151  152  148  134  132  133  136  141  144  147  141  119  111  121  138  146  144  130  107   91   97  119  105   98  116  117  113   90   76   57   81  134  140  140  144  148  148  142  133  132  130  120   98   71   78   53    0    0 
  0    0    0    0    0    0    0    0    0    0    0    0    0    0    0    0    0    0    0    0    0    0    0    0    0    0    0    0    0    0    0    0    6    0   43   61   92  106  116  132  142  147  150  148  145  140  135  130  133  134  136  145  148  109   93   96   95   95  102  111  121  143  147  140  129  135  139  135  140  151  152  150  148  152  141  135  144  147  146  145  148  150  136  113  104  111  135  143  139  123   98   85   92  108   97  105  114  113  100   78   66   68  114  149  143  147  150  151  150  135  130  128  127  116   90   71   78   36    0    0 
  0    0    0    0    0    0    0    0    0    0    0    0    0    0    0    0    0    0    0    0    0    0    0    0    0    0    0    0    0    0    0    0    0   60   39   55   91  106  121  135  143  148  150  148  145  142  134  135  135  137  139  148  147  111   94   97   93  100  106  112  121  140  145  143  137  138  141  143  142  147  152  150  152  150  128  139  150  149  145  142  147  147  128  104   98  109  131  136  132  114   91   80   90  101  101  104  112  105   87   75   67   82  143  150  148  151  151  152  147  133  119  122  121  107   85   73   70    7    0    0 
  0    0    0    0    0    0    0    0    0    0    0    0    0    0    0    0    0    0    0    0    0    0    0    0    0    0    0    0    0    0    0    0    0   70   98   58   94  106  128  138  144  150  151  149  146  144  138  138  137  141  143  150  145  114   98   97   97  102  106  111  120  133  142  142  140  142  140  143  140  140  146  146  148  144  118  144  151  149  140  136  146  137  117   96   96  106  125  127  121  103   83   77   87   99  102  102  110   98   80   73   74  119  152  150  151  152  152  151  141  127  110  114  112   95   76   75   58    0    0    0 
  0    0    0    0    0    0    0    0    0    0    0    0    0    0    0    0    0    0    0    0    0    0    0    0    0    0    0    0    0    0    0    0    0   73  105   63   93  112  135  141  146  152  152  151  149  145  141  140  140  144  143  129  108  110  102  108  108  111  110  112  115  123  133  136  139  142  138  137  135  130  134  134  135  131  117  139  145  145  130  131  138  125  105   95   93  103  116  117  110   91   69   79   83  105  101  107  111   93   74   75   98  148  151  151  152  152  152  147  132  116  101  103   99   84   71   67   36    0    0    0 
  0    0    0    0    0    0    0    0    0    0    0    0    0    0    0    0    0    0    0    0    0    0    0    0    0    0    0    0    0    0    0    0    0   86  109   71   91  122  139  143  147  152  153  152  150  145  143  144  140  131   83   67   60   60   61   95  114  124  126  129  117  117  123  126  133  135  133  132  129  120  119  116  114  116  119  132  135  132  122  127  126  112   98   92   92  101  110  106   95   72   78   90   90  113  106  114  113   83   75   81  131  153  152  151  153  153  148  136  119  101   94   93   83   70   69   55    0    0    0    0 
  0    0    0    0    0    0    0    0    0    0    0    0    0    0    0    0    0    0    0    0    0    0    0    0    0    0    0    0    0    0    0    0   35   96  110   61  108  127  137  144  147  151  151  151  151  146  143  144  122   65   76   82   70   65   65   65   70   88  133  148  130  124  125  119  122  122  122  122  120  114  108  105  101  104  116  126  125  119  118  120  116  104   92   90   94  101  101   98   82   84  100  101  107  124  115  119  106   73   76  107  147  153  152  152  152  149  138  121  104   93   87   84   73   69   59   25    0    0    0    0 
  0    0    0    0    0    0    0    0    0    0    0    0    0    0    0    0    0    0    0    0    0    0    0    0    0    0    0    0    0    0    0    0   27   57   75  100  107  120  133  140  143  147  147  147  149  146  142  121   68   90   99   85   69   87   92   89   79   79   78   87  116  149  152  135  118  112  107  104  109  107  106  102   99  100  107  113  115  114  116  114  108   97   89   90   97   99  101  102  103  123  119  113  124  128  118  115   87   66   87  123  148  150  150  150  149  138  118  102   90   83   83   74   71   56   37    0    0    0    0    0 
  0    0    0    0    0    0    0    0    0    0    0    0    0    0    0    0    0    0    0    0    0    0    0    0    0    0    0    0    0   30   59   70   79   81   80   88  101  115  124  130  137  144  142  139  146  146  129   72   86  105   81   72  101  122  121  113  106   99   97   94   97  100  116  143  137  117  104   94  102  104  102   99  100   98   96   99  103  108  109  104   95   89   79   91  101  117  120  127  128  133  124  121  126  124  114  100   71   66  104  141  146  146  145  143  137  117   94   85   80   81   71   67   51   33    0    0    0    0    0    0 
  0    0    0    0    0    0    0    0    0    0    0    0    0    0    0    0    0    0    0    0    0    0    0    0    0    0    0   33   70   88   93   99   97   96   93   96  101  110  117  120  125  138  141  135  141  142   89   83  108   79   83  107  131  138  121  121  129  128  121  117  113  116  112  112  121  128  138  148  141  115  100   93  109  109   97   93   92   94   94   88   87   87   89  121  128  142  141  135  128  126  118  115  118  113   99   80   56   83  120  139  142  140  137  127  105   91   74   75   77   68   62   49   23    0    0    0    0    0    0    0 
  0    0    0    0    0    0    0    0    0    0    0    0    0    0    0    0    0    0    0    0    0    0    0    0    0    0   50   76  109  115  115  115  112  112  109  108  111  114  118  124  123  134  142  140  142  118   74  106   81   89  111  131  138  118  113  135  141  140  136  131  127  128  128  125  125  127  128  135  133  138  143  148  139  122  111   97   89   87   83   84  112  106  132  144  147  146  142  136  129  124  117  114  108   91   78   59   62   95  121  134  134  129  120  109   91   72   70   72   63   52   41    9    0    0    0    0    0    0    0    0 
  0    0    0    0    0    0    0    0    0    0    0    0    0    0    0    0    0    0    0    0    0    0    0    0    0   30   72  108  127  125  124  130  127  125  121  121  125  128  131  135  128  135  140  140   48   83  100  101   87  110  129  130  117  110  132  144  146  144  141  138  136  135  135  137  135  136  134  133  135  136  139  140  138  143  148  150  150  149  148  146  141  149  148  148  148  148  146  137  128  120  119  114   92   65   59   55   76  106  123  127  124  116  105   87   71   64   61   55   38   30    0    0    0    0    0    0    0    0    0    0 
  0    0    0    0    0    0    0    0    0    0    0    0    0    0    0    0    0    0    0    0    0    0    0    0   98   72   80  124  125  123  135  139  138  136  131  129  132  138  141  141  138  138  138  134  124   87  110   78  109  130  136  118  120  139  147  151  148  143  142  141  138  138  138  139  139  142  142  141  141  140  141  139  140  142  146  148  149  150  150  149  149  150  150  149  149  149  145  137  125  118  118   98   70   40   48   68   91  108  117  117  111   98   81   67   57   50   38   28   11    0    0    0    0    0    0    0    0    0    0    0 
  0    0    0    0    0    0    0    0    0    0    0    0    0    0    0    0    0    0    0    0    0    0    0  101  111   79  109  124  120  133  144  146  144  141  137  131  135  141  143  140  140  141  137  135  104   98  107   89  120  139  131  120  141  150  152  152  148  142  141  141  138  138  139  139  140  141  142  141  142  142  142  142  141  144  146  146  148  149  150  149  149  150  149  148  148  146  142  133  120  119  105   82   46   39   60   77   86   95  103  104   88   71   59   48   36   28   12    0    0    0    0    0    0    0    0    0    0    0    0    0 
  0    0    0    0    0    0    0    0    0    0    0    0    0    0    0    0    0    0    0    0    0    0   96  112   68   71  118  120  126  143  151  152  150  145  138  134  137  143  143  138  139  139  138  139   97  102  103   95  123  140  124  131  149  152  153  151  149  143  141  139  137  138  141  140  138  140  142  142  142  143  142  141  142  144  147  146  148  149  149  149  149  148  148  147  147  145  139  127  117  115   70   50   24   43   60   68   71   84   85   69   57   46   34   23   13    0    0    0    0    0    0    0    0    0    0    0    0    0    0    0 
  0    0    0    0    0    0    0    0    0    0    0    0    0    0    0    0    0    0    0    0    0    0  109  112   81   95  119  121  135  149  152  152  151  147  142  140  140  145  143  141  140  135  141  143  102  106  102   96  124  137  120  138  151  152  153  151  149  144  143  138  135  138  142  142  140  140  143  144  144  142  143  142  141  144  146  146  147  149  148  149  148  147  147  148  147  142  133  114  103   83   43   17   28   44   50   55   65   64   49   44   34   22   11    0    0    0    0    0    0    0    0    0    0    0    0    0    0    0    0    0 
  0    0    0    0    0    0    0    0    0    0    0    0    0    0    0    0    0    0    0    0    0    0  110  101   78  108  118  123  140  145  146  147  144  142  143  142  143  145  144  141  140  134  140  151  108  107   99  100  107  127  124  129  143  143  141  144  142  136  139  130  129  132  139  140  135  141  142  140  143  142  143  142  141  141  145  147  147  147  150  150  143  142  148  149  138  124  111   86   64   34   13   15   38   45   46   46   43   35   26   17   18    0    0    0    0    0    0    0    0    0    0    0    0    0    0    0    0    0    0    0 
  0    0    0    0    0    0    0    0    0    0    0    0    0    0    0    0    0    0    0    0    0   75  107  102   57   91  101  102  109  113  108  102  101  100   94  105   78   79   76   84   96   85   95  107  106   80   74   73   74   85   79   89   86   90   85   82   85   80   80   89   89   97   91   94   94   93   97   99   99  105   98   93  102  105   93  101  107  114   74   85  101  103   73   73   74   65   50   33   14    8   20   33   34   34   30   21   20   17    7    0    0    0    0    0    0    0    0    0    0    0    0    0    0    0    0    0    0    0    0    0 
  0    0    0    0    0    0    0    0    0    0    0    0    0    0    0    0    0    0    0    0    0    0    0   38   41   43    0    0    0    0    0    0    0    0    0   10   10   14   17   19   21   22   14    1    0    0    0    6    7   13    8   15   67   68   70   75   73   74   76   72   80   71   65   55   58   51   44   46   38   43   44   27   30   32   35    4   12   17   10   22   20   31   31   33   35    0    0    0    0    0    0    0    0    0    0    0    0    0    0    0    0    0    0    0    0    0    0    0    0    0    0    0    0    0    0    0    0    0    0    0 
  0    0    0    0    0    0    0    0    0    0    0    0    0    0    0    0    0    0    0    0    0    0    0    0    0    0    0    0    0    0    0    0    0    0    0    0    0    0    0    0    0    0    0    0    0    0    0    0    0    0    0    0    0    0    0    0    0    0    0    0    0    0    0    0    0    0    0    0    0    0    0    0    0    0    0    0    0    0    0    0    0    0    0    0    0    0    0    0    0    0    0    0    0    0    0    0    0    0    0    0    0    0    0    0    0    0    0    0    0    0    0    0    0    0    0    0    0    0    0    0 
  0    0    0    0    0    0    0    0    0    0    0    0    0    0    0    0    0    0    0    0    0    0    0    0    0    0    0    0    0    0    0    0    0    0    0    0    0    0    0    0    0    0    0    0    0    0    0    0    0    0    0    0    0    0    0    0    0    0    0    0    0    0    0    0    0    0    0    0    0    0    0    0    0    0    0    0    0    0    0    0    0    0    0    0    0    0    0    0    0    0    0    0    0    0    0    0    0    0    0    0    0    0    0    0    0    0    0    0    0    0    0    0    0    0    0    0    0    0    0    0 
  0    0    0    0    0    0    0    0    0    0    0    0    0    0    0    0    0    0    0    0    0    0    0    0    0    0    0    0    0    0    0    0    0    0    0    0    0    0    0    0    0    0    0    0    0    0    0    0    0    0    0    0    0    0    0    0    0    0    0    0    0    0    0    0    0    0    0    0    0    0    0    0    0    0    0    0    0    0    0    0    0    0    0    0    0    0    0    0    0    0    0    0    0    0    0    0    0    0    0    0    0    0    0    0    0    0    0    0    0    0    0    0    0    0    0    0    0    0    0    0 
  0    0    0    0    0    0    0    0    0    0    0    0    0    0    0    0    0    0    0    0    0    0    0    0    0    0    0    0    0    0    0    0    0    0    0    0    0    0    0    0    0    0    0    0    0    0    0    0    0    0    0    0    0    0    0    0    0    0    0    0    0    0    0    0    0    0    0    0    0    0    0    0    0    0    0    0    0    0    0    0    0    0    0    0    0    0    0    0    0    0    0    0    0    0    0    0    0    0    0    0    0    0    0    0    0    0    0    0    0    0    0    0    0    0    0    0    0    0    0    0 
  0    0    0    0    0    0    0    0    0    0    0    0    0    0    0    0    0    0    0    0    0    0    0    0    0    0    0    0    0    0    0    0    0    0    0    0    0    0    0    0    0    0    0    0    0    0    0    0    0    0    0    0    0    0    0    0    0    0    0    0    0    0    0    0    0    0    0    0    0    0    0    0    0    0    0    0    0    0    0    0    0    0    0    0    0    0    0    0    0    0    0    0    0    0    0    0    0    0    0    0    0    0    0    0    0    0    0    0    0    0    0    0    0    0    0    0    0    0    0    0 
  0    0    0    0    0    0    0    0    0    0    0    0    0    0    0    0    0    0    0    0    0    0    0    0    0    0    0    0    0    0    0    0    0    0    0    0    0    0    0    0    0    0    0    0    0    0    0    0    0    0    0    0    0    0    0    0    0    0    0    0    0    0    0    0    0    0    0    0    0    0    0    0    0    0    0    0    0    0    0    0    0    0    0    0    0    0    0    0    0    0    0    0    0    0    0    0    0    0    0    0    0    0    0    0    0    0    0    0    0    0    0    0    0    0    0    0    0    0    0    0 
