  0    0    0    0    0    0    0    0    0    0    0    0    0    0    0    0    0    0    0    0    0    0    0    0    0    0    0    0    0    0    0    0    0    0    0    0    0    0    0    0    0    0    0    0    0    0    0    0    0    0    0    0    0    0    0    0    0    0    0    0    0    0    0    0    0    0    0    0    0    0    0    0    0    0    0    0    0    0    0    0    0    0    0    0    0    0    0    0    0    0    0    0    0    0    0    0    0    0    0    0    0    0    0    0    0    0    0    0    0    0    0    0    0    0    0    0    0    0    0    0 
  0    0    0    0    0    0    0    0    0    0    0    0    0    0    0    0    0    0    0    0    0    0    0    0    0    0    0    0    0    0    0    0    0    0    0    0    0    0    0    0    0    0    0    0    0    0    0    0    0    0    0    0    0    0    0    0    0    0    0    0    0    0    0    0    0    0    0    0    0    0    0    0    0    0    0    0    0    0    0    0    0    0    0    0    0    0    0    0    0    0    0    0    0    0    0    0    0    0    0    0    0    0    0    0    0    0    0    0    0    0    0    0    0    0    0    0    0    0    0    0 
  0    0    0    0    0    0    0    0    0    0    0    0    0    0    0    0    0    0    0    0    0    0    0    0    0    0    0    0    0    0    0    0    0    0    0    0    0    0    0    0    0    0    0    0    0    0    0    0    0    0    0    0    0    0    0    0    0    0    0    0    0    0    0    0    0    0    0    0    0    0    0    0    0    0    0    0    0    0    0    0    0    0    0    0    0    0    0    0    0    0    0    0    0    0    0    0    0    0    0    0    0    0    0    0    0    0    0    0    0    0    0    0    0    0    0    0    0    0    0    0 
  0    0    0    0    0    0    0    0    0    0    0    0    0    0    0    0    0    0    0    0    0    0    0    0    0    0    0    0    0    0    0    0    0    0    0    0    0    0    0    0    0    0    0    0    0    0    0    0    0    0    0    0    0    0    0    0    0    0    0    0    0    0    0    0    0    0    0    0    0    0    0    0    0    0    0    0    0    0    0    0    0    0    0    0    0    0    0    0    0    0    0    0    0    0    0    0    0    0    0    0    0    0    0    0    0    0    0    0    0    0    0    0    0    0    0    0    0    0    0    0 
  0    0    0    0    0    0    0    0    0    0    0    0    0    0    0    0    0    0    0    0    0    0    0    0    0    0    0    0    0    0    0    0    0    0    0    0    0    0    0    0    0    0    0    0    0    0    0    0    0    0    0    0    0    0    0    0    0    0    0    0    0    0    0    0    0    0    0    0    0    0    0    0    0    0    0    0    0    0    0    0    0    0    0    0    0    0    0    0    0    0    0    0    0    0    0    0    0    0    0    0    0    0    0    0    0    0    0    0    0    0    0    0    0    0    0    0    0    0    0    0 
  0    0    0    0    0    0    0    0    0    0    0    0    0    0    0    0    0    0    0    0    0    0    0    0    0    0    0    0    0    0    0    0    0    0    0    0    0    0    0    0    0    0    0    0    0    0    0    0    0    0    0    0    0    0    0    0    0    0    0    0   76   38    0    0    0    0    0    0    0    0    0    0    0    0    0    0    0    0    0    0    0    0    0    0    0    0    0    0    0    0    0    0    0    0    0    0    0    0    0    0    0    0    0    0    0    0    0    0    0    0    0    0    0    0    0    0    0    0    0    0 
  0    0    0    0    0    0    0    0    0    0    0    0    0    0    0    0    0    0    0    0    0    0    0    0    0    0    0    0    0    0    0    0    0    0    0    0    0    0    0    0    0    0    0    0    0    0    0    0    0    0    0    0    0    0    0    0    0  121  103   94   90   87   69    0    0    0    0    0    0    0    0    0    0    0    0    0    0    0    0    0    0    0    0    0    0    0    0    0    0    0    0    0    0    0    0    0    0    0    0    0    0    0    0    0    0    0    0    0    0    0    0    0    0    0    0    0    0    0    0    0 
  0    0    0    0    0    0    0    0    0    0    0    0    0    0    0    0    0    0    0    0    0    0    0    0    0    0    0    0    0    0    0    0    0    0    0    0    0    0    0    0    0    0    0    0    0    0    0    0    0    0    0    0    0    0    0   49  108  125  102   87   87   88   89   47    0    0    0    0    0    0    0    0    0    0    0    0    0    0    0    0    0    0    0    0    0    0    0    0    0    0    0    0    0    0    0    0    0    0    0    0    0    0    0    0    0    0    0    0    0    0    0    0    0    0    0    0    0    0    0    0 
  0    0    0    0    0    0    0    0    0    0    0    0    0    0    0    0    0    0    0    0    0    0    0    0    0    0    0    0    0    0    0    0    0    0    0    0    0    0    0    0    0    0    0    0    0    0    0    0    0    0    0    0    0   57   90  124  106  104   89   87   89   93  100   81   67    0    0    0    0    0    0    0    0    0    0    0    0    0    0    0    0    0    0    0    0    0    0    0    0    0    0    0    0    0    0    0    0    0    0    0    0    0    0    0    0    0    0    0    0    0    0    0    0    0    0    0    0    0    0    0 
  0    0    0    0    0    0    0    0    0    0    0    0    0    0    0    0    0    0    0    0    0    0    0    0    0    0    0    0    0    0    0    0    0    0    0    0    0    0    0    0    0    0    0    0    0    0    0    0    0    0    0    0  122  121  116  106   95   89   88   97   99  102  105  101   72   75    0    0    0    0    0    0    0    0    0    0    0    0    0    0    0    0    0    0    0    0    0    0    0    0    0    0    0    0    0    0    0    0    0    0    0    0    0    0    0    0    0    0    0    0    0    0    0    0    0    0    0    0    0    0 
  0    0    0    0    0    0    0    0    0    0    0    0    0    0    0    0    0    0    0    0    0    0    0    0    0    0    0    0    0    0    0    0    0    0    0    0    0    0    0    0    0    0    0    0    0    0    0    0    0    0   61  128  117  108   99   90   89   90  100  108  109  106  108  104   91   78    0    0    0    0    0    0    0    0    0    0    0    0    0    0    0    0    0    0    0    0    0    0    0    0    0    0    0    0    0    0    0    0    0    0    0    0    0    0    0    0    0    0    0    0    0    0    0    0    0    0    0    0    0    0 
  0    0    0    0    0    0    0    0    0    0    0    0    0    0    0    0    0    0    0    0    0    0    0    0    0    0    0    0    0    0    0    0    0    0    0    0    0    0    0    0    0    0    0    0    0    0    0    0   55   92  113  121  109   93   90   89   93  102  112  116  115  113  111  107  102   87   47    0    0    0    0    0    0    0    0    0    0    0    0    0    0    0    0    0    0    0    0    0    0    0    0    0    0    0    0    0    0    0    0    0    0    0    0    0    0    0    0    0    0    0    0    0    0    0    0    0    0    0    0    0 
  0    0    0    0    0    0    0    0    0    0    0    0    0    0    0    0    0    0    0    0    0    0    0    0    0    0    0    0    0    0    0    0    0    0    0    0    0    0    0    0    0    0    0    0    0    0   45   74  105  124  114  106   92   87   85   95  104  115  118  121  118  119  116  111  103   94   69    0    0    0    0    0    0    0    0    0    0    0    0    0    0    0    0    0    0    0    0    0    0    0    0    0    0    0    0    0    0    0    0    0    0    0    0    0    0    0    0    0    0    0    0    0    0    0    0    0    0    0    0    0 
  0    0    0    0    0    0    0    0    0    0    0    0    0    0    0    0    0    0    0    0    0    0    0    0    0    0    0    0    0    0    0    0    0    0    0    0    0    0    0    0    0    0    0    0    0   69   96  122  124  122  102   90   85   84   95  108  116  122  122  123  123  123  118  116  104   97   79    0    0    0    0    0    0    0    0    0    0    0    0    0    0    0    0    0    0    0    0    0    0    0    0    0    0    0    0    0    0    0    0    0    0    0    0    0    0    0    0    0    0    0    0    0    0    0    0    0    0    0    0    0 
  0    0    0    0    0    0    0    0    0    0    0    0    0    0    0    0    0    0    0    0    0    0    0    0    0    0    0    0    0    0    0    0    0    0    0    0    0    0    0    0    0    0    0   62   85  109  126  134  122   98   87   85   87   96  113  118  123  125  125  125  126  123  123  119  111  100   86   49    0    0    0    0    0    0    0    0    0    0    0    0    0    0    0    0    0    0    0    0    0    0    0    0    0    0    0    0    0    0    0    0    0    0    0    0    0    0    0    0    0    0    0    0    0    0    0    0    0    0    0    0 
  0    0    0    0    0    0    0    0    0    0    0    0    0    0    0    0    0    0    0    0    0    0    0   69   78   78   78   77   76   56    0    0    0    0    0    0    0    0    0    0    0   29   78  100  121  132  136  122   97   86   79   89  102  114  121  121  125  127  125  126  125  123  122  120  115  103   88   54    0    0    0    0    0    0    0    0    0    0    0    0    0    0    0    0    0    0    0    0    0    0    0    0    0    0    0    0    0    0    0    0    0    0    0    0    0    0    0    0    0    0    0    0    0    0    0    0    0    0    0    0 
  0    0    0    0    0    0    0    0    0    0    0    0    0    0    0    0    0    0    0    0    0   48   65   69   68   70   77   77   75   77   72    0    0    0    0    0    0    0    0    0   67   95  114  127  137  138  124  100   83   81   90  108  118  121  125  124  126  127  125  124  123  121  119  117  114  106   90   55    0    0    0    0    0    0    0    0    0    0    0    0    0    0    0    0    0    0    0    0    0    0    0    0    0    0    0    0    0    0    0    0    0    0    0    0    0    0    0    0    0    0    0    0    0    0    0    0    0    0    0    0 
  0    0    0    0    0    0    0    0    0    0    0    0    0    0    0    0    0    0    0    0    0   65   64   60   60   52   62   69   73   73   70   63    0    0    0    0    0    0    0   80  107  122  134  139  141  128   97   84   81   96  115  121  120  123  123  123  123  123  122  120  119  117  115  113  110  105   90   52    0    0    0    0    0    0    0    0    0    0    0    0    0    0    0    0    0    0    0    0    0    0    0    0    0    0    0    0    0    0    0    0    0    0    0    0    0    0    0    0    0    0    0    0    0    0    0    0    0    0    0    0 
  0    0    0    0    0    0    0    0    0    0    0    0    0    0    0    0    0    0    0    0   47   54   44   39   38   34   43   49   63   64   66   65   38    0    0    0    0    0   86  115  129  136  140  140  131  105   84   83  101  116  123  124  121  120  119  118  117  116  115  114  113  112  109  106  104  101   92   44    0    0    0    0    0    0    0    0    0    0    0    0    0    0    0    0    0    0    0    0    0    0    0    0    0    0    0    0    0    0    0    0    0    0    0    0    0    0    0    0    0    0    0    0    0    0    0    0    0    0    0    0 
  0    0    0    0    0    0    0    0    0    0    0    0    0    0    0    0    0    0    0    0   46   46   51   56   52   50   39   27   42   49   58   59   45    0    0    0   57   93  111  125  135  140  139  131  110   87   95  108  118  121  120  120  116  112  109  108  108  108  107  107  105  104  104  103   99  101   83   17    0    0    0    0    0    0    0    0    0    0    0    0    0    0    0    0    0    0    0    0    0    0    0    0    0    0    0    0    0    0    0    0    0    0    0    0    0    0    0    0    0    0    0    0    0    0    0    0    0    0    0    0 
  0    0    0    0    0    0    0    0    0    0    0    0    0    0    0    0    0    0    0    0   44   56   59   62   60   53   49   41   29   38   46   51   39    0    0   75   97  109  122  130  136  138  133  113   96  105  117  119  120  114  111  109  104  101   97   97   96   96   97   96   93   94  101  107  104   94   60    0    0    0    0    0    0    0    0    0    0    0    0    0    0    0    0    0    0    0    0    0    0    0    0    0    0    0    0    0    0    0    0    0    0    0    0    0    0    0    0    0    0    0    0    0    0    0    0    0    0    0    0    0 
  0    0    0    0    0    0    0    0    0    0    0    0    0    0    0    0    0    0    0    0   44   54   64   66   63   58   53   46   37   23   32   42   33    0   76  101  110  124  130  133  135  130  117  102  114  124  120  108   97   92   91   92   89   85   82   83   82   78   81   85   94  101   89  104   92   63    0    0    0    0    0    0    0    0    0    0    0    0    0    0    0    0    0    0    0    0    0    0    0    0    0    0    0    0    0    0    0    0    0    0    0    0    0    0    0    0    0    0    0    0    0    0    0    0    0    0    0    0    0    0 
  0    0    0    0    0    0    0    0    0    0    0    0    0    0    0    0    0    0   38   42   45   46   50   45   44   38   34   28   40   30   18   29   44   84   99  111  124  131  135  134  129  116  110  110  124  110  100   96   98   76   63   63   67   80   91   93  102  110  123  123  115   97   94   63   20    0    0    0    0    0    0    0    0    0    0    0    0    0    0    0    0    0    0    0    0    0    0    0    0    0    0    0    0    0    0    0    0    0    0    0    0    0    0    0    0    0    0    0    0    0    0    0    0    0    0    0    0    0    0    0 
  0    0    0    0    0    0    0    0    0    0    0    0    0   36   47   55   62   68   70   69   68   70   71   76   82   84   84   79   76   66   55   31   69   85  102  121  131  136  138  129  116  121  122  104  107  112  131  141  131  126  141  135  135  129  127  118  116  111  110  100   92   52   39    0    0    0    0    0    0    0    0    0    0    0    0    0    0    0    0    0    0    0    0    0    0    0    0    0    0    0    0    0    0    0    0    0    0    0    0    0    0    0    0    0    0    0    0    0    0    0    0    0    0    0    0    0    0    0    0    0 
  0    0    0    0    0    0    0    0    0    0    0   48   58   65   68   75   77   79   80   84   89   93   98  104  110  117  117  114  107   98   89   75   51   47   95  119  132  137  136  123  115  128  128  132  141  139  133  132  124  121  125  121  120  114  112  101   93   81   62   41    0    0    0    0    0    0    0    0    0    0    0    0    0    0    0    0    0    0    0    0    0    0    0    0    0    0    0    0    0    0    0    0    0    0    0    0    0    0    0    0    0    0    0    0    0    0    0    0    0    0    0    0    0    0    0    0    0    0    0    0 
  0    0    0    0    0    0    0    0    0   50   63   66   71   73   79   83   84   87   93   97  103  108  113  118  123  128  130  126  114   98   80   77   75   37   38  100  126  135  134  127  123  134  137  143  128  126  120  123  119  116  114  110  102   91   82   67   34    0    0    0    0    0    0    0    0    0    0    0    0    0    0    0    0    0    0    0    0    0    0    0    0    0    0    0    0    0    0    0    0    0    0    0    0    0    0    0    0    0    0    0    0    0    0    0    0    0    0    0    0    0    0    0    0    0    0    0    0    0    0    0 
  0    0    0    0    0    0    0   43   54   66   73   75   80   86   90   94   98  103  104  109  111  113  114  118  125  134  138  134  112   80   82   78   78   54   27   55  116  131  133  129  127  134  130  126  120  120  118  118  113  110  103   90   70   56   24    0    0    0    0    0    0    0    0    0    0    0    0    0    0    0    0    0    0    0    0    0    0    0    0    0    0    0    0    0    0    0    0    0    0    0    0    0    0    0    0    0    0    0    0    0    0    0    0    0    0    0    0    0    0    0    0    0    0    0    0    0    0    0    0    0 
  0    0    0    0    0    0   45   59   60   73   78   82   87   94   98  104  109  111  112  114  116  114  113  110  124  135  141  136  108   62   94   81   69   53   33   34   86  122  128  123  124  127  122  117  116  117  110  109   97   84   62   12    0    0    0    0    0    0    0    0    0    0    0    0    0    0    0    0    0    0    0    0    0    0    0    0    0    0    0    0    0    0    0    0    0    0    0    0    0    0    0    0    0    0    0    0    0    0    0    0    0    0    0    0    0    0    0    0    0    0    0    0    0    0    0    0    0    0    0    0 
  0    0    0    0    0    0   59   48   65   79   83   86   92   99  107  112  115  117  117  117  117  114  108  106  113  133  140  132   97   76  113   99   57   52   36   35   70  110  118  116  120  120  115  113  107  105   98   84   62    0    0    0    0    0    0    0    0    0    0    0    0    0    0    0    0    0    0    0    0    0    0    0    0    0    0    0    0    0    0    0    0    0    0    0    0    0    0    0    0    0    0    0    0    0    0    0    0    0    0    0    0    0    0    0    0    0    0    0    0    0    0    0    0    0    0    0    0    0    0    0 
  0    0    0    0    0    0   61   51   73   84   87   91   98  106  113  116  121  122  123  121  119  114  103   98  103  122  135  129   85   95  123  109   70   38   36   36   70   97  105  111  113  108  107   95   90   71   50    0    0    0    0    0    0    0    0    0    0    0    0    0    0    0    0    0    0    0    0    0    0    0    0    0    0    0    0    0    0    0    0    0    0    0    0    0    0    0    0    0    0    0    0    0    0    0    0    0    0    0    0    0    0    0    0    0    0    0    0    0    0    0    0    0    0    0    0    0    0    0    0    0 
  0    0    0    0    0    0   50   66   82   89   91   93  104  113  121  123  127  127  126  124  119  112  103   91   95  113  126  124   80  103  127  114   80   35   31   38   65   84   97  101   98   92   76   66   36    0    0    0    0    0    0    0    0    0    0    0    0    0    0    0    0    0    0    0    0    0    0    0    0    0    0    0    0    0    0    0    0    0    0    0    0    0    0    0    0    0    0    0    0    0    0    0    0    0    0    0    0    0    0    0    0    0    0    0    0    0    0    0    0    0    0    0    0    0    0    0    0    0    0    0 
  0    0    0    0    0    0   35   76   85   92   93  100  111  120  125  128  128  129  128  125  116  112   99   86   87  101  116  115   74  110  121  112   84   49   24   47   58   70   90   82   71   54   31    0    0    0    0    0    0    0    0    0    0    0    0    0    0    0    0    0    0    0    0    0    0    0    0    0    0    0    0    0    0    0    0    0    0    0    0    0    0    0    0    0    0    0    0    0    0    0    0    0    0    0    0    0    0    0    0    0    0    0    0    0    0    0    0    0    0    0    0    0    0    0    0    0    0    0    0    0 
  0    0    0    0    0    0   56   78   86   94   97  108  116  124  127  129  130  129  128  124  116  105   95   85   81   88  104  101   93  119  117  109   94   66   25   58   46   49   62   43   44    0    0    0    0    0    0    0    0    0    0    0    0    0    0    0    0    0    0    0    0    0    0    0    0    0    0    0    0    0    0    0    0    0    0    0    0    0    0    0    0    0    0    0    0    0    0    0    0    0    0    0    0    0    0    0    0    0    0    0    0    0    0    0    0    0    0    0    0    0    0    0    0    0    0    0    0    0    0    0 
  0    0    0    0    0    0   61   76   91   98  102  113  122  127  129  130  131  130  128  121  113   98   91   81   77   78  101  109  128  130  120  109   99   76   31   57   40   30   28    0    0    0    0    0    0    0    0    0    0    0    0    0    0    0    0    0    0    0    0    0    0    0    0    0    0    0    0    0    0    0    0    0    0    0    0    0    0    0    0    0    0    0    0    0    0    0    0    0    0    0    0    0    0    0    0    0    0    0    0    0    0    0    0    0    0    0    0    0    0    0    0    0    0    0    0    0    0    0    0    0 
  0    0    0    0    0    0   65   81   93  101  107  117  126  131  132  132  132  130  127  118  112   97   87   80   74   78  109  122  130  129  121  113   98   78   37   61   46   30    0    0    0    0    0    0    0    0    0    0    0    0    0    0    0    0    0    0    0    0    0    0    0    0    0    0    0    0    0    0    0    0    0    0    0    0    0    0    0    0    0    0    0    0    0    0    0    0    0    0    0    0    0    0    0    0    0    0    0    0    0    0    0    0    0    0    0    0    0    0    0    0    0    0    0    0    0    0    0    0    0    0 
  0    0    0    0    0    0   65   82   98  104  111  124  131  136  136  134  134  131  128  118  107   95   84   77   75   87  104  117  116  115  112  109   98   83   52   54   51   30    0    0    0    0    0    0    0    0    0    0    0    0    0    0    0    0    0    0    0    0    0    0    0    0    0    0    0    0    0    0    0    0    0    0    0    0    0    0    0    0    0    0    0    0    0    0    0    0    0    0    0    0    0    0    0    0    0    0    0    0    0    0    0    0    0    0    0    0    0    0    0    0    0    0    0    0    0    0    0    0    0    0 
  0    0    0    0    0   34   66   83  102  107  118  128  137  140  140  136  132  132  127  117  103   95   81   77   82   95  106  113  112  106  104  103   97   87   66   47   52   33    0    0    0    0    0    0    0    0    0    0    0    0    0    0    0    0    0    0    0    0    0    0    0    0    0    0    0    0    0    0    0    0    0    0    0    0    0    0    0    0    0    0    0    0    0    0    0    0    0    0    0    0    0    0    0    0    0    0    0    0    0    0    0    0    0    0    0    0    0    0    0    0    0    0    0    0    0    0    0    0    0    0 
  0    0    0    0    0   49   64   86  106  113  124  133  142  145  145  138  132  133  126  117  105   95   81   76   85  102  108  115  116  113  103  100  102   93   77   59   42   39    0    0    0    0    0    0    0    0    0    0    0    0    0    0    0    0    0    0    0    0    0    0    0    0    0    0    0    0    0    0    0    0    0    0    0    0    0    0    0    0    0    0    0    0    0    0    0    0    0    0    0    0    0    0    0    0    0    0    0    0    0    0    0    0    0    0    0    0    0    0    0    0    0    0    0    0    0    0    0    0    0    0 
  0    0    0    0    0   60   65   94  111  117  129  141  147  149  147  142  135  134  130  116  106   93   85   75   82  101  115  122  122  119  112  102  100  101   92   70   58   38   26    0    0    0    0    0    0    0    0    0    0    0    0    0    0    0    0    0    0    0    0    0    0    0    0    0    0    0    0    0    0    0    0    0    0    0    0    0    0    0    0    0    0    0    0    0    0    0    0    0    0    0    0    0    0    0    0    0    0    0    0    0    0    0    0    0    0    0    0    0    0    0    0    0    0    0    0    0    0    0    0    0 
  0    0    0    0    0   69   67   99  114  121  135  146  151  152  151  146  141  136  130  119  106   95   84   76   78   94  116  126  126  122  116  109  101  101  100   86   63   57   38    0    0    0    0    0    0    0    0    0    0    0    0    0    0    0    0    0    0    0    0    0    0    0    0    0    0    0    0    0    0    0    0    0    0    0    0    0    0    0    0    0    0    0    0    0    0    0    0    0    0    0    0    0    0    0    0    0    0    0    0    0    0    0    0    0    0    0    0    0    0    0    0    0    0    0    0    0    0    0    0    0 
  0    0    0    0    0   73   77  100  115  123  137  146  151  152  152  150  146  141  132  121  109  100   89   78   76   83  109  122  122  121  114  112  109  103  101   95   76   57   55   27    0    0    0    0    0    0    0    0    0    0    0    0    0    0    0    0    0    0    0    0    0    0    0    0    0    0    0    0    0    0    0    0    0    0    0    0    0    0    0    0    0    0    0    0    0    0    0    0    0    0    0    0    0    0    0    0    0    0    0    0    0    0    0    0    0    0    0    0    0    0    0    0    0    0    0    0    0    0    0    0 
  0    0    0    0   58   83   91   98  115  122  136  143  148  150  152  153  149  145  138  127  114  106   96   84   74   80  104  120  125  122  111  107  111  110  106   94   85   68   55   50    0    0    0    0    0    0    0    0    0    0    0    0    0    0    0    0    0    0    0    0    0    0    0    0    0    0    0    0    0    0    0    0    0    0    0    0    0   23    0    0    0    0    0    0    0    0    0    0    0    0    0    0    0    0    0    0    0    0    0    0    0    0    0    0    0    0    0    0    0    0    0    0    0    0    0    0    0    0    0    0 
  0    0    0    0   75  103  104  105  114  118  130  138  142  147  150  150  150  148  143  134  121  109   99   89   78   78  100  122  131  130  117  102  107  112  108  104   84   73   60   51   42    0    0    0    0    0    0    0    0    0    0    0    0    0    0    0    0    0    0    0    0    0    0    0    0    0    0   36   47   60   59   59   63   69   73   75   74   75   73   68   61   52   41   19    0    0    0    0    0    0    0    0    0    0    0    0    0    0    0    0    0    0    0    0    0    0    0    0    0    0    0    0    0    0    0    0    0    0    0    0 
  0    0    0   45   89  109  113  123  118  113  119  131  138  143  144  148  151  150  149  141  128  116  101   88   80   79   96  121  132  135  124  105  103  108  107  107   91   73   65   55   59   30    0    0    0    0    0    0    0    0    0    0    0    0    0    0    0    0    0    0    0    0    0   30   50   59   64   75   78   79   81   85   84   80   78   80   80   80   83   84   83   80   77   66   49   33    0    0    0    0    0    0    0    0    0    0    0    0    0    0    0    0    0    0    0    0    0    0    0    0    0    0    0    0    0    0    0    0    0    0 
  0    0    0   61   98  112  122  139  136  126  112  118  132  134  140  148  151  152  152  148  133  124  104   90   77   77   90  122  135  137  130  112  105  103  104  101   98   80   65   62   52   78   57   47   36   24    0    0    0    0    0    0    0    0    0    0    0    0    0    0   40   53   60   62   66   73   80   81   83   86   91   95   99   98   98   98   95   94   92   90   90   90   89   87   82   77   56   37    0    0    0    0    0    0    0    0    0    0    0    0    0    0    0    0    0    0    0    0    0    0    0    0    0    0    0    0    0    0    0    0 
  0    0    0   78  101  114  123  141  147  146  138  117  120  128  137  146  151  153  152  149  139  128  114   90   75   72   89  122  134  137  131  115  111  103  103   96   87   86   67   73   65   74   71   64   63   60   60   55   52   37    0    0    0    0    0    0    0   38   53   58   62   59   64   71   79   84   84   88   93   91   89   93   96   99  104  111  115  115  111  107  102   97   99   99   92   85   85   70   55   50    0    0    0    0    0    0    0    0    0    0    0    0    0    0    0    0    0    0    0    0    0    0    0    0    0    0    0    0    0    0 
  0    0    0   83  102  115  124  143  150  152  149  123  112  124  136  145  149  153  152  148  142  129  113   90   74   65   86  117  130  135  128  113  113  107  101  103   76   84   77   86   98   88   75   69   69   73   71   68   62   64   67   61   55   56   55   53   51   52   51   57   66   75   82   88   93   95  100  108  110  114  114  109  106  103  106  109  118  122  124  122  118  113  111  110  101   92   88   83   72   60   58   43    0    0    0    0    0    0    0    0    0    0    0    0    0    0    0    0    0    0    0    0    0    0    0    0    0    0    0    0 
  0    0    0   82   99  113  122  140  149  152  151  128  109  123  134  145  143  148  149  146  139  129  106   85   69   61   83  112  127  132  125  112  111  107  106  109   91   79   99   99  102   89   82   89   95   95   89   86   83   77   68   68   72   59   53   58   57   66   71   77   82   86   89   96  102  106  112  115  117  118  119  121  119  112  108  108  110  122  126  127  129  126  122  123  117  100   92   92   92   87   76   60   48    0    0    0    0    0    0    0    0    0    0    0    0    0    0    0    0    0    0    0    0    0    0    0    0    0    0    0 
  0    0    0   73   92  109  119  134  143  150  150  131  105  119  129  141  141  139  143  140  130  119   93   78   61   59   81  110  125  130  123  114  105  105  107  111   97   74  109  111  100   92   95  100  110  114  109   97   90   83   80   71   58   60   67   73   81   84   86   93   99  102  107  110  113  119  121  123  122  122  120  121  121  121  116  113  111  114  123  131  135  133  130  132  127  116  110  108  110  105   96   83   66   59    0    0    0    0    0    0    0    0    0    0    0    0    0    0    0    0    0    0    0    0    0    0    0    0    0    0 
  0    0    0   57   84  101  112  126  133  142  145  135  100  113  121  132  138  135  136  132  120  102   85   73   57   59   80  105  119  125  121  111  100  104  110  119  116  102  107  104   97   98   99  109  118  125  125  116  106   97   90   86   87   91   98   95   93   95   99  109  115  118  120  122  126  127  124  125  127  128  127  125  126  127  126  122  117  115  123  128  134  135  133  138  135  130  125  124  120  115  108   99   86   76   63   31    0    0    0    0    0    0    0    0    0    0    0    0    0    0    0    0    0    0    0    0    0    0    0    0 
  0    0    0   19   70   91  103  112  129  134  139  134   96  104  112  121  127  129  128  121  109   89   76   62   53   58   79   98  113  119  116  105  104  118  125  131  128  124  108  102  104  104  110  114  120  130  134  130  122  110  105  102  106  113  113  101  100  104  109  116  118  124  121  127  131  127  125  125  127  131  131  131  130  131  131  131  128  122  124  130  129  133  132  137  140  136  134  131  128  122  117  105   98   90   81   68   33    0    0    0    0    0    0    0    0    0    0    0    0    0    0    0    0    0    0    0    0    0    0    0 
  0    0    0    0   51   77   91  101  115  124  125  127  100   84   99  109  109  111  109  101   91   72   65   51   50   59   76  104  117  122  123  117  120  138  137  132  117  117  110  106  109  113  117  118  118  125  132  130  126  118  109  107  108  114  111  100  103  108  116  119  122  122  122  128  128  126  129  131  133  132  133  134  134  134  133  135  136  131  130  129  129  132  131  129  139  137  136  136  133  125  123  116  105  101   91   76   68   28    0    0    0    0    0    0    0    0    0    0    0    0    0    0    0    0    0    0    0    0    0    0 
  0    0    0    0    0   52   73   85   98  106  115  125  120   98   79   86   96   94   89   77   66   59   51   49   53   65   92  122  134  138  142  141  139  140  130  124  118  109  110  112  114  117  122  121  119  117  123  123  120  116  115  116  114  111  106   97  100  112  118  122  127  124  123  124  126  129  131  136  138  135  136  138  139  139  135  134  139  138  137  135  133  135  139  133  132  135  135  139  137  127  123  123  114  110  103   89   74   60    0    0    0    0    0    0    0    0    0    0    0    0    0    0    0    0    0    0    0    0    0    0 
  0    0    0    0    0   25   49   58   69   80   91  106  118  112   98   75   74   74   66   57   51   48   45   43   72  104  128  144  151  152  151  149  140  131  124  119  119  114  111  113  115  120  124  127  124  119  119  119  118  119  121  122  118  113  102   95  108  120  123  128  128  124  123  127  128  131  134  136  135  136  138  142  145  146  143  138  138  142  140  139  139  141  143  142  135  131  131  133  139  132  122  120  118  115  112  102   86   71   57    0    0    0    0    0    0    0    0    0    0    0    0    0    0    0    0    0    0    0    0    0 
  0    0    0    0    0    0   34   19   34   45   59   66   76   85   90   78   63   53   47   44   44   42   44   63  122  140  145  145  144  142  137  135  130  126  123  119  116  111  109  111  113  115  122  128  129  125  121  118  116  119  120  120  116  112  101  106  122  127  129  132  129  128  129  131  133  136  137  137  135  136  141  144  147  150  151  147  142  142  141  139  140  145  146  143  138  134  130  128  128  131  126  119  116  113  111  108   96   82   72   52    0    0    0    0    0    0    0    0    0    0    0    0    0    0    0    0    0    0    0    0 
  0    0    0    0    0    0    0   26   43   33   16   24   32   39   48   50   49   42   43   44   44   69  120  151  152  150  143  136  130  127  123  120  119  121  126  126  122  118  116  114  117  117  121  129  133  130  126  120  119  119  119  118  117  112  107  122  128  130  132  134  137  136  134  137  141  143  142  142  141  139  142  144  145  149  152  152  149  145  143  139  139  145  145  139  136  136  130  131  128  124  126  123  120  115  108  105   97   90   82   74   29    0    0    0    0    0    0    0    0    0    0    0    0    0    0    0    0    0    0    0 
  0    0    0    0    0    0    0    0   15   41   39   66   17   24   29   34   42   53   52   40  138  137  152  151  142  138  133  129  126  122  121  119  120  122  130  135  130  128  126  123  122  124  125  131  137  135  131  128  127  124  122  121  122  116  120  129  129  131  135  138  143  140  138  144  147  147  145  145  146  145  144  145  145  146  149  151  149  146  146  143  140  139  133  123  124  125  124  123  129  129  128  130  128  125  119  103   97   87   88   83   65    0    0    0    0    0    0    0    0    0    0    0    0    0    0    0    0    0    0    0 
  0    0    0    0    0    0    0    0    0    0   40   71   74   57   38   62   94  128  147  150  151  149  140  138  135  131  130  128  126  124  124  125  132  130  130  140  137  135  134  130  129  126  125  132  140  139  136  133  130  126  126  127  126  123  128  127  130  135  139  142  146  143  142  148  150  149  148  148  151  151  150  148  144  145  146  149  147  146  148  145  136  120  103  104  109  111  109  108  109  116  131  139  137  135  131  119  101   91   85   90   81   46    0    0    0    0    0    0    0    0    0    0    0    0    0    0    0    0    0    0 
  0    0    0    0    0    0    0    0    0    0   41   73   80   87   85   90  104  137  150  152  147  135  131  132  131  129  129  129  127  126  128  133  137  141  135  141  138  138  137  136  136  131  125  130  139  137  134  132  128  126  129  131  127  129  124  129  134  140  143  143  141  146  144  150  151  151  150  150  152  153  153  152  148  141  143  146  147  143  142  129  106   92   99  104  105  108  107  106  105  102   94  131  142  138  133  125  113  101   85   91   85   72   23    0    0    0    0    0    0    0    0    0    0    0    0    0    0    0    0    0 
  0    0    0    0    0    0    0    0    0    0   45   73   88   94   95  101  111  135  145  147  136  127  127  127  129  131  132  132  130  132  136  137  137  142  139  138  138  138  139  141  142  135  131  131  134  132  129  128  125  126  131  132  130  127  126  134  137  142  145  146  142  145  145  150  151  152  152  153  151  152  153  153  153  146  140  140  142  134  119  101   96  103  106  105  106  107  110  110  110  110  104   82  125  130  126  119  122  111   92   86   90   87   53    0    0    0    0    0    0    0    0    0    0    0    0    0    0    0    0    0 
  0    0    0    0    0    0    0    0    0    0   43   83   96   96  101  104  113  131  140  136  127  124  126  128  131  135  137  137  137  139  138  139  137  141  140  132  135  138  142  148  146  136  137  137  133  129  128  127  125  128  134  133  132  128  132  137  140  140  146  148  148  143  148  151  151  151  152  152  153  152  153  152  153  152  145  139  132  119  103  100  104  108  113  117  118  118  118  118  114  113  113  112   90  106  114  108  112  115  103   89   85   89   69   21    0    0    0    0    0    0    0    0    0    0    0    0    0    0    0    0 
  0    0    0    0    0    0    0    0    0   38   68   90   98  100  102  104  117  128  130  127  124  125  129  132  137  142  143  143  143  143  142  140  137  140  136  129  128  140  146  149  148  138  139  142  136  130  132  129  127  130  135  138  137  135  136  140  145  144  143  150  150  147  140  148  149  142  135  147  143  147  151  152  150  150  148  137  117  108  106  114  121  126  134  136  134  136  135  130  124  117  114  116  112  102  111  106   91  113  107   93   83   85   84   47    0    0    0    0    0    0    0    0    0    0    0    0    0    0    0    0 
  0    0    0    0    0    0    0    0    0   49   81   92  101  102  102  107  121  120  121  121  127  131  135  138  145  149  147  148  148  149  149  145  142  141  132  132  129  137  147  149  150  142  143  144  139  133  133  130  126  131  138  143  144  140  142  145  149  151  147  148  150  143  136  124   84   81   65   51   47   46   45   47   47   43   50   66   80   96  110  124  132  138  146  147  145  144  145  144  137  126  118  113  112  111  120  116  100   88  109   99   85   83   82   59    0    0    0    0    0    0    0    0    0    0    0    0    0    0    0    0 
  0    0    0    0    0    0    0    0   33   68   84   96  101  101  104  111  118  112  117  124  131  136  143  145  149  151  147  149  150  151  151  150  146  143  134  139  138  133  146  149  149  146  145  146  140  137  139  131  129  138  139  143  149  142  146  150  149  150  145  133  121  105   74   57   58   66   74   80   83   83   85   84   85   83   80   74   71   70   95  118  131  140  145  147  146  146  146  148  145  138  130  117  110  106  124  127  114   95   99  100   88   82   75   64   30    0    0    0    0    0    0    0    0    0    0    0    0    0    0    0 
  0    0    0    0    0    0    0    0   45   73   87   97  100  102  107  112  114  110  120  127  135  141  148  148  148  148  144  146  147  150  151  152  148  142  138  143  143  135  144  150  149  148  149  147  139  140  140  132  137  144  143  134  151  146  144  148  149  141  129   86   56   52   60   76   91   89   96  103  102  101  105  105  110  110  105   99   97   97   87   94  112  126  134  135  138  142  145  147  149  145  139  127  115  102  117  129  120  106   95  100   88   84   78   70   51    0    0    0    0    0    0    0    0    0    0    0    0    0    0    0 
  0    0    0    0    0    0    0    0   53   76   87   96  101  105  113  110  109  111  123  130  140  147  150  147  141  137  136  137  137  138  143  149  149  145  141  146  146  138  143  149  149  149  152  147  139  139  138  136  145  149  149  141  124  151  142  139  130  103   51   61   71   84   96  100   97   97  114  114  115  117  118  121  124  126  122  116  112  115  116  108  106  113  119  122  121  128  140  144  150  149  142  133  124  110  106  126  121  111  102  103   90   79   87   69   60   25    0    0    0    0    0    0    0    0    0    0    0    0    0    0 
  0    0    0    0    0    0    0    0   60   80   88   95  102  110  118  103  108  114  125  135  145  151  151  141  133  129  133  136  136  135  134  139  148  149  144  149  151  141  143  147  148  149  153  145  136  138  140  144  150  151  151  153  141  137  134   83   70   55   74   88   97  102  112  109  104  122  128  125  128  130  131  132  135  136  137  132  127  122  125  125  121  115  114  115  116  106  126  138  150  150  145  137  130  119  108  120  122  114  109  102   94   74   92   71   64   51    0    0    0    0    0    0    0    0    0    0    0    0    0    0 
  0    0    0    0    0    0    0    0   65   81   90   96  103  114  113   98  110  116  128  140  149  152  148  132  129  131  140  144  144  144  142  137  144  152  146  150  150  142  147  147  147  150  152  140  135  141  145  150  153  152  148  147  153  139   99   63   67   85   98  110  109  119  126  119  132  137  137  136  137  139  141  142  143  143  144  144  139  131  125  128  130  127  121  118  118  114   98  128  150  151  148  140  133  126  117  119  121  119  114  107   98   85   80   75   68   64    0    0    0    0    0    0    0    0    0    0    0    0    0    0 
  0    0    0    0    0    0    0    0   66   82   91   97  101  112  100   98  113  119  133  145  149  150  137  128  132  138  147  150  151  151  150  144  142  150  151  151  148  146  149  149  148  150  151  140  139  144  148  153  153  152  151  146  144  114   65   81   84  101  113  116  121  134  134  137  146  147  144  144  145  146  146  147  147  147  146  146  145  140  131  127  129  131  130  125  125  125   96  113  150  150  150  142  132  127  121  123  124  121  116  110   98   91   81   73   71   67   24    0    0    0    0    0    0    0    0    0    0    0    0    0 
  0    0    0    0    0    0    0    0   66   82   93   95   97  104   94  103  116  121  137  147  148  140  126  134  136  144  149  153  152  153  153  149  146  147  147  151  150  145  148  150  151  151  151  142  144  145  143  151  152  152  153  150  124   72   82   71  102  110  120  123  135  141  143  148  151  151  147  149  150  150  149  149  149  149  147  144  144  142  137  132  130  133  135  129  124  131  111   93  145  148  149  144  133  124  119  124  131  130  123  109  102   91   83   70   71   67   44    0    0    0    0    0    0    0    0    0    0    0    0    0 
  0    0    0    0    0    0    0    0   63   82   93   93   91   96   93  108  120  122  137  147  142  126  126  138  141  148  152  152  152  149  151  151  152  148  143  144  143  137  136  146  151  153  152  143  147  151  141  137  151  151  152  141   81   78   78   88  108  117  125  135  141  145  148  152  151  149  149  152  152  152  150  150  150  149  147  144  140  139  137  135  135  137  139  134  119  131  120   98  139  145  147  144  134  123  113  119  136  139  131  110  101   89   86   74   72   66   50    0    0    0    0    0    0    0    0    0    0    0    0    0 
  0    0    0    0    0    0    0    0   59   79   87   91   85   94   94  112  123  124  135  144  133  125  133  143  146  150  153  151  149  150  148  152  151  147  148  146  145  140  132  133  147  153  149  142  151  151  148  133  143  150  151  119   74   73   76  100  110  122  130  138  144  149  150  152  149  148  150  153  153  153  151  150  150  149  146  144  142  139  139  139  139  140  142  135  118  126  121  112  135  144  147  142  135  122  107  116  136  146  137  112   97   87   85   78   67   67   53    0    0    0    0    0    0    0    0    0    0    0    0    0 
  0    0    0    0    0    0    0    0   50   73   82   86   84   92   99  115  124  126  132  138  127  127  136  145  148  149  149  149  148  152  149  150  148  149  151  152  150  145  139  134  134  152  147  141  150  149  152  149  135  140  145  106   68   74   81  102  115  128  133  139  147  152  151  152  150  148  150  152  153  153  152  150  149  148  147  146  147  145  145  144  143  140  140  132  114  127  126  124  138  143  146  141  138  124  108  107  131  147  143  115   94   85   88   82   68   69   57    0    0    0    0    0    0    0    0    0    0    0    0    0 
  0    0    0    0    0    0    0    0   30   64   76   79   86   92  101  116  123  126  129  133  124  128  137  145  149  148  147  145  146  151  149  146  150  152  153  153  151  146  140  138  137  148  146  141  151  149  145  150  144  130  124   92   61   79   78  104  123  132  135  143  149  151  151  152  151  149  151  151  151  152  152  151  150  150  151  151  151  150  148  147  144  138  135  128  117  132  133  132  136  141  140  134  137  133  116   94  128  146  142  115   92   85   93   90   75   70   59    0    0    0    0    0    0    0    0    0    0    0    0    0 
  0    0    0    0    0    0    0    0    0   55   61   73   85   92  105  115  122  124  126  129  122  126  134  143  149  150  148  145  148  148  144  147  151  151  149  148  147  145  142  136  140  150  144  143  151  152  140  142  146  139  110   73   60   79   78  110  127  134  139  147  150  150  152  150  150  150  151  149  149  152  150  152  153  153  153  153  152  149  145  144  143  137  131  125  126  139  136  134  135  140  137  127  124  132  122   91  122  144  138  110   95   88   99   93   82   67   58    0    0    0    0    0    0    0    0    0    0    0    0    0 
  0    0    0    0    0    0    0    0    0   19   41   69   85   91  106  115  119  121  124  127  123  124  131  138  147  150  148  147  150  145  140  148  152  150  145  143  144  144  139  133  140  151  141  143  151  152  142  134  145  148  105   68   60   73   81  116  131  134  140  150  151  149  151  148  150  151  151  149  147  152  150  152  153  153  153  151  149  146  142  142  142  138  132  131  139  139  137  134  136  140  140  131  116  119  123   96  120  141  135  108   95   92  103   96   83   68   63   25    0    0    0    0    0    0    0    0    0    0    0    0 
  0    0    0    0    0    0    0    0    0    0   44   68   83   90  101  113  116  117  122  125  124  123  128  132  143  148  146  149  149  143  139  149  152  147  146  145  147  145  137  131  141  152  140  140  150  151  141  132  144  151  105   62   61   67   84  118  132  134  137  147  152  148  153  145  148  151  152  151  147  150  150  152  153  153  152  150  146  143  141  143  144  142  137  140  141  138  137  135  129  137  140  133  122  110  113  101  121  135  128  110   91   96  106  101   80   71   67   33    0    0    0    0    0    0    0    0    0    0    0    0 
  0    0    0    0    0    0    0    0    0    0   43   59   82   88   98  107  112  113  119  122  124  123  125  128  136  143  143  149  148  142  141  147  147  142  149  152  151  148  136  135  151  152  146  144  148  148  140  134  145  151  110   62   58   60   85  113  128  132  133  139  148  149  152  144  145  150  153  151  151  150  147  147  149  149  150  147  143  144  148  150  149  146  141  144  144  141  139  138  130  130  136  138  128  111  104  112  124  132  125  112   91   95  106   99   78   71   66   38    0    0    0    0    0    0    0    0    0    0    0    0 
  0    0    0    0    0    0    0    0    0    0   34   36   74   85   95   99  104  107  115  119  121  123  123  125  130  139  142  146  145  142  143  144  138  141  150  153  152  146  134  144  152  147  147  151  149  145  139  136  147  151  116   67   61   57   78  104  122  129  132  134  142  149  152  145  144  149  152  151  153  148  146  147  146  146  144  141  141  149  152  150  147  143  142  148  148  145  143  140  131  125  130  135  131  112  103  118  127  129  124  113   94   91  106   94   79   68   66   46    0    0    0    0    0    0    0    0    0    0    0    0 
  0    0    0    0    0    0    0    0    0    0    0   60   58   80   86   93   95  102  109  119  118  121  121  123  127  136  143  142  142  142  141  139  136  143  146  150  151  142  134  151  146  145  151  153  150  146  143  144  149  152  125   71   68   53   60   98  114  121  129  134  140  147  150  146  146  147  150  152  150  145  148  150  150  146  140  131  143  152  150  149  147  142  142  151  150  147  143  140  128  123  130  132  131  111  106  121  128  128  121  109   98   90  103   89   80   65   71   51    0    0    0    0    0    0    0    0    0    0    0    0 
  0    0    0    0    0    0    0    0    0    0    0   44   20   60   77   84   91   96  105  117  119  120  120  121  126  134  141  140  140  143  140  136  138  143  142  145  146  137  137  153  146  150  153  151  146  147  148  150  150  152  143   80   72   60   58   87  111  119  125  135  142  142  147  146  147  147  148  150  144  146  151  152  152  149  138  124  150  151  151  150  147  140  144  152  150  142  141  139  128  122  127  129  129  106  107  122  128  127  117  102  107   99   95   86   82   65   69   53    0    0    0    0    0    0    0    0    0    0    0    0 
  0    0    0    0    0    0    0    0    0    0    0    0   40   31   63   74   84   90  101  113  120  120  120  120  121  132  136  137  137  139  138  134  139  142  142  142  140  136  147  151  147  151  151  146  145  150  152  151  149  149  150  104   66   69   55   72  106  120  123  132  144  144  142  145  146  147  147  144  143  148  152  153  152  146  132  132  153  152  153  151  148  137  140  150  147  135  132  136  133  124  123  124  122   98  108  125  129  123  112   98  116  104   89   82   83   68   66   52    0    0    0    0    0    0    0    0    0    0    0    0 
  0    0    0    0    0    0    0    0    0    0    0    0    0   33   43   65   76   87   95  105  119  120  121  119  118  122  128  131  132  134  133  131  132  134  136  138  133  140  151  150  149  151  149  146  149  153  153  150  144  145  150  128   65   76   60   64   91  115  122  128  143  147  140  138  143  146  142  140  145  149  151  152  147  141  131  136  152  151  153  152  147  136  135  147  144  127  128  135  137  129  118  119  114   87  114  128  126  114  106  116  122  105   83   86   83   74   66   51    0    0    0    0    0    0    0    0    0    0    0    0 
  0    0    0    0    0    0    0    0    0    0    0    0    0    0   36   54   70   79   89   96  107  119  119  116  116  115  113  116  121  125  128  127  128  122  121  125  127  140  148  148  150  151  148  150  153  153  153  148  141  145  150  139   87   72   67   65   80  107  119  128  140  149  144  132  138  141  137  139  142  146  146  146  141  137  134  139  151  149  151  150  145  137  131  143  143  127  127  138  137  132  120  117  107   82  119  128  118  110  115  127  124  100   84   92   83   76   59   51    0    0    0    0    0    0    0    0    0    0    0    0 
  0    0    0    0    0    0    0    0    0    0    0    0    0    0   39   42   60   70   79   86   93  106  113  113  111  112  111  108  114  115  119  124  125  117  105  104  119  132  140  145  150  150  149  151  153  153  152  147  140  143  148  145  101   66   71   63   75   97  116  127  137  149  149  141  131  135  132  134  136  138  139  140  137  137  140  143  151  150  149  148  144  141  133  140  144  135  126  134  138  134  123  113   97   87  121  124  112  125  131  130  117   94   97   93   80   74   58   55   44    0    0    0    0    0    0    0    0    0    0    0 
  0    0    0    0    0    0    0    0    0    0    0    0    0    0    0   42   44   61   68   76   82   92   99  105  109  110  112  108  110  118  119  122  124  122  117  115  117  122  129  138  148  150  151  152  152  152  151  147  138  140  146  148  120   66   76   64   75   86  115  126  133  148  150  149  130  134  131  129  129  132  134  139  140  143  145  146  151  152  149  148  146  143  138  137  140  138  129  128  134  132  123  105   87  100  122  120  129  139  137  126  109   98  103   91   74   71   62   61   67   46   51   63   69   69   61   35    0    0    0    0 
  0    0    0    0    0    0    0    0    0    0    0    0    0    0    0   33   34   47   61   68   72   80   89   97  103  108  110  110  107  115  125  128  128  126  125  126  121  124  125  130  139  149  152  153  152  152  151  147  136  137  145  148  129   77   70   68   70   78  110  125  132  145  149  149  136  140  141  140  140  141  143  146  149  150  149  149  152  153  151  149  148  143  141  138  136  136  131  129  126  128  118   93   92  118  128  126  138  141  134  119  115  105  103   89   70   72   75   80   77   68   75   88   92   94   88   75   48    0    0    0 
  0    0    0    0    0    0    0    0    0    0    0    0    0    0    0    0   22   30   42   56   65   69   78   85   93  100  106  107  107  105  114  125  132  133  133  127  118  123  125  128  135  145  152  153  153  152  150  145  134  135  142  148  133   87   66   74   69   72   99  121  128  140  146  151  141  140  147  148  149  150  151  151  153  152  150  151  151  151  150  150  149  143  140  142  136  129  126  129  124  121  110   94  115  129  134  128  137  135  130  120  120  107  100   85   64   76   98  105   95   88   99  105  108  107  102   87   73   38    0    0 
  0    0    0    0    0    0    0    0    0    0    0    0    0    0    0    0    0    0   34   38   49   57   63   73   81   84   92   98  101  101   99  102  112  123  128  124  112  117  122  128  135  142  148  152  153  152  149  141  133  134  142  148  139   94   72   72   71   71   87  114  122  139  148  150  138  140  147  149  150  151  151  151  153  152  151  150  148  147  147  149  148  141  136  142  138  125  121  128  125  118  104  111  127  136  137  131  131  129  129  129  123  106   96   84   59   86  121  123  112  110  114  119  119  118  114  102   83   61    0    0 
  0    0    0    0    0    0    0    0    0    0    0    0    0    0    0    0    0    0    0   41   48   45   53   61   66   74   78   83   87   92   92   93   94   98  111  114  106  112  117  126  131  142  147  151  153  151  147  139  132  134  141  146  142  103   74   72   71   73   78  106  116  139  150  143  133  142  146  148  151  152  151  151  153  152  152  151  150  148  146  146  146  137  128  138  136  122  121  127  125  117  115  121  130  138  138  132  123  125  135  133  122  102   92   83   60  104  126  121  110  115  124  125  128  125  121  107   89   71    0    0 
  0    0    0    0    0    0    0    0    0    0    0    0    0    0    0    0    0    0    0    0   55   57   54   62   57   62   67   71   73   78   83   83   83   84   89  105  104  109  113  118  127  142  148  151  152  151  145  136  129  135  140  146  143  109   78   79   74   72   80   99  112  133  144  135  138  143  147  150  152  153  151  148  151  153  153  153  152  149  146  145  143  132  113  131  132  124  123  127  120  128  131  123  131  139  138  129  117  127  137  134  116   98   87   83   67  120  135  118  119  125  130  130  132  130  125  113   93   73   33    0 
  0    0    0    0    0    0    0    0    0    0    0    0    0    0    0    0    0    0    0    0   11   59   61   63   62   61   61   63   63   65   68   69   73   76   81   94  101  103  109  116  125  141  148  151  152  149  143  131  128  135  142  148  147  108   83   88   78   76   78   96  110  126  135  133  139  142  148  150  152  151  147  140  144  150  151  152  150  147  142  139  137  123  105  125  129  126  128  129  130  139  133  122  124  139  138  124  112  130  137  130  110   92   85   73   94  129  131  119  123  130  135  135  133  132  126  113   94   71   35    0 
  0    0    0    0    0    0    0    0    0    0    0    0    0    0    0    0    0    0    0    0    0    0   44   53   58   58   55   55   53   52   54   62   65   70   76   82   97   97  107  116  127  138  146  149  150  147  140  130  128  139  144  146  148  109   83   90   81   81   76   93  113  127  129  124  137  134  144  147  147  145  138  131  130  141  143  143  142  140  134  131  127  112  111  129  132  133  135  137  143  143  132  116  121  139  136  116  110  134  136  125  103   90   79   67  114  136  118  120  128  135  140  140  138  132  124  110   92   71   33    0 
  0    0    0    0    0    0    0    0    0    0    0    0    0    0    0    0    0    0    0    0    0    0    0   23   39   47   54   58   62   62   60   59   55   67   69   69   90   95  106  120  130  140  144  146  146  143  136  131  133  141  142  144  147  108   84   90   82   84   79   89  117  130  124  113  130  127  135  143  142  138  130  135  123  132  135  133  132  131  125  126  124  132  129  125  135  139  142  146  148  143  129  111  117  134  134  105  118  133  134  117  100   88   68   86  135  136  123  128  135  141  143  143  140  131  122  102   88   72   26    0 
  0    0    0    0    0    0    0    0    0    0    0    0    0    0    0    0    0    0    0    0    0    0    0    0    0   25   36   41   43   49   45   62   63   59   46   62   84   94  105  122  132  145  148  148  146  140  138  136  137  138  140  144  146  108   84   89   80   83   85   93  122  138  133  114  124  126  123  138  138  135  136  148  138  138  140  134  127  127  126  134  137  144  141  124  128  138  145  149  149  142  122  108  111  130  124  101  122  130  129  109   94   75   75  117  144  133  131  136  144  145  144  142  138  130  117   91   87   73    0    0 
  0    0    0    0    0    0    0    0    0    0    0    0    0    0    0    0    0    0    0    0    0    0    0    0    0    0    0    0   22   32   43   45   73   66   55   58   80   94  104  123  134  145  150  150  147  143  142  137  137  138  140  146  146  101   83   86   82   83   88   96  118  142  143  126  116  130  124  126  139  143  150  152  148  149  151  140  137  138  141  145  148  150  145  127  120  130  144  149  148  137  117  102  108  127  114  109  125  126  122  101   88   70   93  140  136  135  140  145  149  146  140  139  137  128  109   84   91   66    0    0 
  0    0    0    0    0    0    0    0    0    0    0    0    0    0    0    0    0    0    0    0    0    0    0    0    0    0    0    0    0    0    0    0    4    0   38   48   80   95  106  124  136  144  150  149  148  145  141  137  139  140  142  149  144   99   81   84   84   84   92  102  113  140  148  137  124  132  138  134  140  151  153  147  144  151  146  141  148  150  150  149  151  152  142  122  114  120  141  146  144  131  109   97  103  117  107  115  123  122  110   90   78   81  123  149  138  144  148  151  151  141  137  135  134  125  101   83   91   50    0    0 
  0    0    0    0    0    0    0    0    0    0    0    0    0    0    0    0    0    0    0    0    0    0    0    0    0    0    0    0    0    0    0    0    0   51   35   42   79   95  112  128  138  146  150  150  148  146  140  141  142  143  144  151  142  101   83   86   81   89   96  103  113  137  145  141  132  135  139  142  139  145  151  146  149  152  135  144  152  152  149  147  149  149  135  114  109  118  137  140  137  123  102   92  101  110  111  114  120  114   98   87   79   94  148  147  145  149  150  152  151  140  128  130  129  117   96   85   83   22    0    0 
  0    0    0    0    0    0    0    0    0    0    0    0    0    0    0    0    0    0    0    0    0    0    0    0    0    0    0    0    0    0    0    0    0   58   87   44   82   95  120  132  139  148  151  151  149  148  144  144  143  146  147  151  140  103   87   86   86   92   96  103  113  130  141  138  135  140  137  141  137  137  144  143  147  148  127  147  152  152  145  142  148  142  125  107  106  115  131  132  127  113   94   89   98  108  111  112  119  108   91   85   86  127  153  147  149  150  152  153  146  135  120  123  121  106   88   87   71    0    0    0 
  0    0    0    0    0    0    0    0    0    0    0    0    0    0    0    0    0    0    0    0    0    0    0    0    0    0    0    0    0    0    0    0    0   60   95   50   80  101  128  135  141  149  152  152  152  149  146  145  145  148  143  126  101  100   91   98   97  100  101  104  110  120  131  131  135  141  136  136  133  127  132  132  134  136  125  142  146  148  137  138  142  131  114  105  104  112  123  122  117  100   81   90   94  113  111  115  119  103   86   87  108  151  149  148  149  151  153  150  138  125  111  113  109   95   83   79   49    0    0    0 
  0    0    0    0    0    0    0    0    0    0    0    0    0    0    0    0    0    0    0    0    0    0    0    0    0    0    0    0    0    0    0    0    0   74   98   58   80  113  132  137  143  150  153  153  152  148  147  147  142  129   76   60   53   53   55   87  105  115  117  123  113  114  119  121  130  134  132  131  129  119  118  116  114  121  125  135  136  136  129  133  132  120  107  102  102  110  117  112  103   82   89  100  101  121  115  123  122   95   87   93  137  153  149  149  151  153  151  142  127  111  105  103   94   82   81   68    0    0    0    0 
  0    0    0    0    0    0    0    0    0    0    0    0    0    0    0    0    0    0    0    0    0    0    0    0    0    0    0    0    0    0    0    0   21   84   99   49  100  120  131  139  142  149  152  152  152  149  146  145  118   56   67   74   62   57   60   61   66   84  129  144  127  121  121  114  120  122  122  122  121  115  108  105  102  108  119  128  127  123  124  127  123  113  102  100  103  110  109  106   92   94  110  110  117  132  124  127  115   85   88  116  150  151  150  150  151  151  143  129  113  103   98   95   84   81   71   38    0    0    0    0 
  0    0    0    0    0    0    0    0    0    0    0    0    0    0    0    0    0    0    0    0    0    0    0    0    0    0    0    0    0    0    0    0   20   53   74   97  101  115  129  136  140  146  147  148  150  148  142  115   57   82   91   75   59   79   87   85   77   77   77   87  115  150  149  133  117  113  108  105  110  109  107  104  101  101  108  115  117  118  121  121  116  107   99  100  107  108  110  111  113  131  127  123  132  135  127  124   98   79   98  130  149  149  148  150  150  142  125  111  100   94   93   85   82   68   49    0    0    0    0    0 
  0    0    0    0    0    0    0    0    0    0    0    0    0    0    0    0    0    0    0    0    0    0    0    0    0    0    0    0    0   21   52   65   76   79   79   86   99  112  122  127  135  143  141  141  147  147  125   61   77   98   71   61   93  116  115  107  103   98   98   95   98  101  117  144  138  119  107   96  103  106  104  101  102   99   97  102  105  111  114  110  103   98   90  100  110  125  128  135  135  139  131  129  133  132  123  110   83   78  114  144  146  145  145  144  139  123  103   95   89   91   82   79   63   45    0    0    0    0    0    0 
  0    0    0    0    0    0    0    0    0    0    0    0    0    0    0    0    0    0    0    0    0    0    0    0    0    0    0   22   60   81   87   96   95   94   93   96  101  109  116  118  126  137  139  138  143  140   78   72   99   68   73   98  126  132  114  114  127  127  123  120  116  118  115  115  122  130  140  150  144  117  102   96  112  112   99   95   94   97   99   95   94   96   99  128  134  147  146  139  133  132  125  124  127  123  109   91   69   94  127  141  141  139  138  130  111   99   83   85   87   78   72   60   35    0    0    0    0    0    0    0 
  0    0    0    0    0    0    0    0    0    0    0    0    0    0    0    0    0    0    0    0    0    0    0    0    0    0   37   65  101  108  110  112  110  111  111  110  112  115  117  123  125  135  142  143  144  110   61   96   69   79  102  125  134  110  105  131  140  141  139  135  131  132  132  129  128  130  131  138  135  141  146  151  143  126  113   99   92   90   88   90  119  114  139  148  150  148  144  140  135  131  125  123  118  102   90   71   75  105  127  136  134  130  123  114   98   81   80   81   73   62   51   21    0    0    0    0    0    0    0    0 
  0    0    0    0    0    0    0    0    0    0    0    0    0    0    0    0    0    0    0    0    0    0    0    0    0   17   59   97  119  118  119  127  126  126  123  124  127  130  131  136  132  137  143  144   47   71   89   91   76  101  123  124  110  102  127  141  147  147  145  142  140  139  140  141  140  140  138  137  138  140  142  144  142  146  150  152  152  151  150  149  146  151  151  149  149  149  148  142  135  128  127  123  103   78   71   67   87  115  128  129  126  119  110   94   80   73   70   64   48   40    0    0    0    0    0    0    0    0    0    0 
  0    0    0    0    0    0    0    0    0    0    0    0    0    0    0    0    0    0    0    0    0    0    0    0   88   59   68  115  117  115  130  137  138  138  134  132  136  140  143  143  142  141  142  140  115   75   99   65   98  123  130  110  112  134  144  150  150  147  146  146  144  143  143  144  144  146  146  145  145  145  145  144  144  146  149  150  152  152  152  151  151  152  152  152  152  151  149  143  133  126  127  109   82   54   61   80  101  116  123  120  114  103   88   76   66   59   47   37   21    0    0    0    0    0    0    0    0    0    0    0 
  0    0    0    0    0    0    0    0    0    0    0    0    0    0    0    0    0    0    0    0    0    0    0   91  101   66   98  115  111  126  140  145  145  143  140  136  140  144  145  144  143  145  142  140   93   86   96   76  111  132  123  111  136  146  152  153  151  147  146  146  144  144  145  144  145  146  147  146  147  147  146  146  146  148  150  150  151  152  152  152  152  152  152  151  151  150  146  139  129  128  115   94   59   52   72   87   96  102  108  108   93   78   67   56   46   37   21    0    0    0    0    0    0    0    0    0    0    0    0    0 
  0    0    0    0    0    0    0    0    0    0    0    0    0    0    0    0    0    0    0    0    0    0   85  102   55   58  108  110  118  137  149  151  151  148  143  139  142  145  145  142  143  143  143  143   85   90   92   83  114  134  115  122  145  151  153  153  151  148  146  144  143  143  146  145  144  145  147  147  147  148  147  146  147  148  150  149  151  152  152  152  151  151  151  151  150  149  145  134  126  124   82   63   37   55   70   77   79   90   91   76   65   54   42   32   22    0    0    0    0    0    0    0    0    0    0    0    0    0    0    0 
  0    0    0    0    0    0    0    0    0    0    0    0    0    0    0    0    0    0    0    0    0    0   98  102   68   83  109  111  127  145  150  152  153  151  146  145  144  147  146  145  145  141  145  146   91   96   91   85  116  130  110  132  149  151  152  153  151  148  147  143  142  143  147  147  145  145  147  148  148  146  147  146  146  149  150  150  151  151  151  152  151  150  150  151  151  146  139  123  113   94   55   30   39   53   58   63   72   70   56   51   42   31   20    0    0    0    0    0    0    0    0    0    0    0    0    0    0    0    0    0 
  0    0    0    0    0    0    0    0    0    0    0    0    0    0    0    0    0    0    0    0    0    0   99   90   65   97  109  115  134  143  145  148  146  145  147  146  147  149  148  146  145  141  145  152   97   97   89   90   99  120  117  123  140  142  142  146  146  141  144  137  136  138  144  145  141  146  147  145  148  147  147  146  146  146  149  150  150  150  152  152  147  147  151  152  143  130  119   96   75   46   24   25   47   52   54   53   50   42   33   25   27    0    0    0    0    0    0    0    0    0    0    0    0    0    0    0    0    0    0    0 
  0    0    0    0    0    0    0    0    0    0    0    0    0    0    0    0    0    0    0    0    0   62   97   90   48   83   95   97  106  113  109  105  104  104   98  110   83   85   81   89  102   91  101  110  101   75   68   67   70   81   78   87   87   92   87   86   90   85   86   95   95  103   96  100   99   99  103  104  104  111  104   99  108  111   98  106  112  118   79   90  106  109   79   80   81   72   59   42   24   18   29   41   42   41   37   28   27   25   14    0    0    0    0    0    0    0    0    0    0    0    0    0    0    0    0    0    0    0    0    0 
  0    0    0    0    0    0    0    0    0    0    0    0    0    0    0    0    0    0    0    0    0    0    0   37   40   42    2    1    2    0    3    0    4    2    2   13   13   17   21   23   24   26   17    4    3    4    5   12    9   14   17   24   70   72   72   78   76   76   78   74   82   73   68   57   60   54   47   49   41   46   48   31   33   34   38    5   13   20   13   29   24   34   34   37   40    0    0    0    0    0    0    0    0    0    0    0    0    0    0    0    0    0    0    0    0    0    0    0    0    0    0    0    0    0    0    0    0    0    0    0 
  0    0    0    0    0    0    0    0    0    0    0    0    0    0    0    0    0    0    0    0    0    0    0    0    0    0    0    0    0    0    0    0    0    0    0    0    0    0    0    0    0    0    0    0    0    0    0    0    0    0    0    0    0    0    0    0    0    0    0    0    0    0    0    0    0    0    0    0    0    0    0    0    0    0    0    0    0    0    0    0    0    0    0    0    0    0    0    0    0    0    0    0    0    0    0    0    0    0    0    0    0    0    0    0    0    0    0    0    0    0    0    0    0    0    0    0    0    0    0    0 
  0    0    0    0    0    0    0    0    0    0    0    0    0    0    0    0    0    0    0    0    0    0    0    0    0    0    0    0    0    0    0    0    0    0    0    0    0    0    0    0    0    0    0    0    0    0    0    0    0    0    0    0    0    0    0    0    0    0    0    0    0    0    0    0    0    0    0    0    0    0    0    0    0    0    0    0    0    0    0    0    0    0    0    0    0    0    0    0    0    0    0    0    0    0    0    0    0    0    0    0    0    0    0    0    0    0    0    0    0    0    0    0    0    0    0    0    0    0    0    0 
  0    0    0    0    0    0    0    0    0    0    0    0    0    0    0    0    0    0    0    0    0    0    0    0    0    0    0    0    0    0    0    0    0    0    0    0    0    0    0    0    0    0    0    0    0    0    0    0    0    0    0    0    0    0    0    0    0    0    0    0    0    0    0    0    0    0    0    0    0    0    0    0    0    0    0    0    0    0    0    0    0    0    0    0    0    0    0    0    0    0    0    0    0    0    0    0    0    0    0    0    0    0    0    0    0    0    0    0    0    0    0    0    0    0    0    0    0    0    0    0 
  0    0    0    0    0    0    0    0    0    0    0    0    0    0    0    0    0    0    0    0    0    0    0    0    0    0    0    0    0    0    0    0    0    0    0    0    0    0    0    0    0    0    0    0    0    0    0    0    0    0    0    0    0    0    0    0    0    0    0    0    0    0    0    0    0    0    0    0    0    0    0    0    0    0    0    0    0    0    0    0    0    0    0    0    0    0    0    0    0    0    0    0    0    0    0    0    0    0    0    0    0    0    0    0    0    0    0    0    0    0    0    0    0    0    0    0    0    0    0    0 
  0    0    0    0    0    0    0    0    0    0    0    0    0    0    0    0    0    0    0    0    0    0    0    0    0    0    0    0    0    0    0    0    0    0    0    0    0    0    0    0    0    0    0    0    0    0    0    0    0    0    0    0    0    0    0    0    0    0    0    0    0    0    0    0    0    0    0    0    0    0    0    0    0    0    0    0    0    0    0    0    0    0    0    0    0    0    0    0    0    0    0    0    0    0    0    0    0    0    0    0    0    0    0    0    0    0    0    0    0    0    0    0    0    0    0    0    0    0    0    0 
  0    0    0    0    0    0    0    0    0    0    0    0    0    0    0    0    0    0    0    0    0    0    0    0    0    0    0    0    0    0    0    0    0    0    0    0    0    0    0    0    0    0    0    0    0    0    0    0    0    0    0    0    0    0    0    0    0    0    0    0    0    0    0    0    0    0    0    0    0    0    0    0    0    0    0    0    0    0    0    0    0    0    0    0    0    0    0    0    0    0    0    0    0    0    0    0    0    0    0    0    0    0    0    0    0    0    0    0    0    0    0    0    0    0    0    0    0    0    0    0 
