  0    0    0    0    0    0    0    0    0    0    0    0    0    0    0    0    0    0    0    0    0    0    0    0    0    0    0    0    0    0    0    0    0    0    0    0    0    0    0    0    0    0    0    0    0    0    0    0    0    0    0    0    0    0    0    0    0    0    0    0    0    0    0    0    0    0    0    0    0    0    0    0    0    0    0    0    0    0    0    0    0    0    0    0    0    0    0    0    0    0    0    0    0    0    0    0    0    0    0    0    0    0    0    0    0    0    0    0    0    0    0    0    0    0    0    0    0    0    0    0 
  0    0    0    0    0    0    0    0    0    0    0    0    0    0    0    0    0    0    0    0    0    0    0    0    0    0    0    0    0    0    0    0    0    0    0    0    0    0    0    0    0    0    0    0    0    0    0    0    0    0    0    0    0    0    0    0    0    0    0    0    0    0    0    0    0    0    0    0    0    0    0    0    0    0    0    0    0    0    0    0    0    0    0    0    0    0    0    0    0    0    0    0    0    0    0    0    0    0    0    0    0    0    0    0    0    0    0    0    0    0    0    0    0    0    0    0    0    0    0    0 
  0    0    0    0    0    0    0    0    0    0    0    0    0    0    0    0    0    0    0    0    0    0    0    0    0    0    0    0    0    0    0    0    0    0    0    0    0    0    0    0    0    0    0    0    0    0    0    0    0    0    0    0    0    0    0    0    0    0    0    0    0    0    0    0    0    0    0    0    0    0    0    0    0    0    0    0    0    0    0    0    0    0    0    0    0    0    0    0    0    0    0    0    0    0    0    0    0    0    0    0    0    0    0    0    0    0    0    0    0    0    0    0    0    0    0    0    0    0    0    0 
  0    0    0    0    0    0    0    0    0    0    0    0    0    0    0    0    0    0    0    0    0    0    0    0    0    0    0    0    0    0    0    0    0    0    0    0    0    0    0    0    0    0    0    0    0    0    0    0    0    0    0    0    0    0    0    0    0    0    0    0    0    0    0    0    0    0    0    0    0    0    0    0    0    0    0    0    0    0    0    0    0    0    0    0    0    0    0    0    0    0    0    0    0    0    0    0    0    0    0    0    0    0    0    0    0    0    0    0    0    0    0    0    0    0    0    0    0    0    0    0 
  0    0    0    0    0    0    0    0    0    0    0    0    0    0    0    0    0    0    0    0    0    0    0    0    0    0    0    0    0    0    0    0    0    0    0    0    0    0    0    0    0    0    0    0    0    0    0    0    0    0    0    0    0    0    0    0    0    0    0    0    0    0    0    0    0    0    0    0    0    0    0    0    0    0    0    0    0    0    0    0    0    0    0    0    0    0    0    0    0    0    0    0    0    0    0    0    0    0    0    0    0    0    0    0    0    0    0    0    0    0    0    0    0    0    0    0    0    0    0    0 
  0    0    0    0    0    0    0    0    0    0    0    0    0    0    0    0    0    0    0    0    0    0    0    0    0    0    0    0    0    0    0    0    0    0    0    0    0    0    0    0    0    0    0    0    0    0    0    0    0    0    0    0    0    0    0    0    0    0    0    0   82   48    0    0    0    0    0    0    0    0    0    0    0    0    0    0    0    0    0    0    0    0    0    0    0    0    0    0    0    0    0    0    0    0    0    0    0    0    0    0    0    0    0    0    0    0    0    0    0    0    0    0    0    0    0    0    0    0    0    0 
  0    0    0    0    0    0    0    0    0    0    0    0    0    0    0    0    0    0    0    0    0    0    0    0    0    0    0    0    0    0    0    0    0    0    0    0    0    0    0    0    0    0    0    0    0    0    0    0    0    0    0    0    0    0    0    0    0  129  106   94   90   87   72    0    0    0    0    0    0    0    0    0    0    0    0    0    0    0    0    0    0    0    0    0    0    0    0    0    0    0    0    0    0    0    0    0    0    0    0    0    0    0    0    0    0    0    0    0    0    0    0    0    0    0    0    0    0    0    0    0 
  0    0    0    0    0    0    0    0    0    0    0    0    0    0    0    0    0    0    0    0    0    0    0    0    0    0    0    0    0    0    0    0    0    0    0    0    0    0    0    0    0    0    0    0    0    0    0    0    0    0    0    0    0    0    0   61  117  123  100   83   84   86   87   49    0    0    0    0    0    0    0    0    0    0    0    0    0    0    0    0    0    0    0    0    0    0    0    0    0    0    0    0    0    0    0    0    0    0    0    0    0    0    0    0    0    0    0    0    0    0    0    0    0    0    0    0    0    0    0    0 
  0    0    0    0    0    0    0    0    0    0    0    0    0    0    0    0    0    0    0    0    0    0    0    0    0    0    0    0    0    0    0    0    0    0    0    0    0    0    0    0    0    0    0    0    0    0    0    0    0    0    0    0    0   69  100  124  104  100   83   82   84   90   98   81   72    0    0    0    0    0    0    0    0    0    0    0    0    0    0    0    0    0    0    0    0    0    0    0    0    0    0    0    0    0    0    0    0    0    0    0    0    0    0    0    0    0    0    0    0    0    0    0    0    0    0    0    0    0    0    0 
  0    0    0    0    0    0    0    0    0    0    0    0    0    0    0    0    0    0    0    0    0    0    0    0    0    0    0    0    0    0    0    0    0    0    0    0    0    0    0    0    0    0    0    0    0    0    0    0    0    0    0    0  129  128  114  102   90   83   82   92   96  100  104  100   75   77    0    0    0    0    0    0    0    0    0    0    0    0    0    0    0    0    0    0    0    0    0    0    0    0    0    0    0    0    0    0    0    0    0    0    0    0    0    0    0    0    0    0    0    0    0    0    0    0    0    0    0    0    0    0 
  0    0    0    0    0    0    0    0    0    0    0    0    0    0    0    0    0    0    0    0    0    0    0    0    0    0    0    0    0    0    0    0    0    0    0    0    0    0    0    0    0    0    0    0    0    0    0    0    0    0   73  134  124  105   94   84   83   85   95  105  107  106  108  105   92   80    0    0    0    0    0    0    0    0    0    0    0    0    0    0    0    0    0    0    0    0    0    0    0    0    0    0    0    0    0    0    0    0    0    0    0    0    0    0    0    0    0    0    0    0    0    0    0    0    0    0    0    0    0    0 
  0    0    0    0    0    0    0    0    0    0    0    0    0    0    0    0    0    0    0    0    0    0    0    0    0    0    0    0    0    0    0    0    0    0    0    0    0    0    0    0    0    0    0    0    0    0    0    0   67  103  122  121  105   88   84   82   88   98  109  115  114  113  112  108  103   89   49    0    0    0    0    0    0    0    0    0    0    0    0    0    0    0    0    0    0    0    0    0    0    0    0    0    0    0    0    0    0    0    0    0    0    0    0    0    0    0    0    0    0    0    0    0    0    0    0    0    0    0    0    0 
  0    0    0    0    0    0    0    0    0    0    0    0    0    0    0    0    0    0    0    0    0    0    0    0    0    0    0    0    0    0    0    0    0    0    0    0    0    0    0    0    0    0    0    0    0    0   57   85  114  129  114  102   86   81   79   89  100  112  117  120  118  119  117  112  105   97   71    0    0    0    0    0    0    0    0    0    0    0    0    0    0    0    0    0    0    0    0    0    0    0    0    0    0    0    0    0    0    0    0    0    0    0    0    0    0    0    0    0    0    0    0    0    0    0    0    0    0    0    0    0 
  0    0    0    0    0    0    0    0    0    0    0    0    0    0    0    0    0    0    0    0    0    0    0    0    0    0    0    0    0    0    0    0    0    0    0    0    0    0    0    0    0    0    0    0    0   80  106  129  124  121   98   84   78   78   89  104  114  120  121  122  124  124  120  119  107  100   81    0    0    0    0    0    0    0    0    0    0    0    0    0    0    0    0    0    0    0    0    0    0    0    0    0    0    0    0    0    0    0    0    0    0    0    0    0    0    0    0    0    0    0    0    0    0    0    0    0    0    0    0    0 
  0    0    0    0    0    0    0    0    0    0    0    0    0    0    0    0    0    0    0    0    0    0    0    0    0    0    0    0    0    0    0    0    0    0    0    0    0    0    0    0    0    0    0   74   96  118  133  138  120   93   81   78   81   91  109  116  122  125  124  126  128  125  125  122  114  103   89   51    0    0    0    0    0    0    0    0    0    0    0    0    0    0    0    0    0    0    0    0    0    0    0    0    0    0    0    0    0    0    0    0    0    0    0    0    0    0    0    0    0    0    0    0    0    0    0    0    0    0    0    0 
  0    0    0    0    0    0    0    0    0    0    0    0    0    0    0    0    0    0    0    0    0    0    0   80   88   87   87   85   84   65    0    0    0    0    0    0    0    0    0    0    0   41   88  110  129  138  138  121   92   80   72   83   98  112  120  121  125  128  126  129  128  126  125  124  119  107   92   55    0    0    0    0    0    0    0    0    0    0    0    0    0    0    0    0    0    0    0    0    0    0    0    0    0    0    0    0    0    0    0    0    0    0    0    0    0    0    0    0    0    0    0    0    0    0    0    0    0    0    0    0 
  0    0    0    0    0    0    0    0    0    0    0    0    0    0    0    0    0    0    0    0    0   59   77   80   79   80   85   85   83   84   77    0    0    0    0    0    0    0    0    0   78  105  122  134  141  140  122   96   77   74   85  105  116  121  125  125  128  130  127  127  127  125  124  122  119  111   94   57    0    0    0    0    0    0    0    0    0    0    0    0    0    0    0    0    0    0    0    0    0    0    0    0    0    0    0    0    0    0    0    0    0    0    0    0    0    0    0    0    0    0    0    0    0    0    0    0    0    0    0    0 
  0    0    0    0    0    0    0    0    0    0    0    0    0    0    0    0    0    0    0    0    0   75   76   71   71   62   71   77   80   79   75   67    0    0    0    0    0    0    0   91  116  129  139  143  143  127   92   78   75   91  113  120  121  125  126  126  127  127  127  125  124  123  121  119  117  110   94   53    0    0    0    0    0    0    0    0    0    0    0    0    0    0    0    0    0    0    0    0    0    0    0    0    0    0    0    0    0    0    0    0    0    0    0    0    0    0    0    0    0    0    0    0    0    0    0    0    0    0    0    0 
  0    0    0    0    0    0    0    0    0    0    0    0    0    0    0    0    0    0    0    0   57   65   57   52   50   45   53   58   70   70   71   68   40    0    0    0    0    0   96  123  136  141  143  141  129  100   77   77   97  115  124  126  125  124  123  123  123  122  121  121  119  118  116  113  111  107   96   43    0    0    0    0    0    0    0    0    0    0    0    0    0    0    0    0    0    0    0    0    0    0    0    0    0    0    0    0    0    0    0    0    0    0    0    0    0    0    0    0    0    0    0    0    0    0    0    0    0    0    0    0 
  0    0    0    0    0    0    0    0    0    0    0    0    0    0    0    0    0    0    0    0   56   58   63   68   63   60   48   36   49   55   62   62   46    0    0    0   69  103  119  132  140  144  141  130  106   81   90  106  119  123  124  124  122  118  116  115  115  115  115  114  113  112  112  110  106  106   84   11    0    0    0    0    0    0    0    0    0    0    0    0    0    0    0    0    0    0    0    0    0    0    0    0    0    0    0    0    0    0    0    0    0    0    0    0    0    0    0    0    0    0    0    0    0    0    0    0    0    0    0    0 
  0    0    0    0    0    0    0    0    0    0    0    0    0    0    0    0    0    0    0    0   53   67   71   74   70   62   58   50   37   44   51   54   39    0    0   86  107  118  130  136  140  140  133  109   91  101  117  121  124  120  118  116  112  109  106  105  105  104  105  105  102  103  109  114  108   96   59    0    0    0    0    0    0    0    0    0    0    0    0    0    0    0    0    0    0    0    0    0    0    0    0    0    0    0    0    0    0    0    0    0    0    0    0    0    0    0    0    0    0    0    0    0    0    0    0    0    0    0    0    0 
  0    0    0    0    0    0    0    0    0    0    0    0    0    0    0    0    0    0    0    0   54   66   75   77   74   67   63   54   44   29   36   44   32    0   87  110  119  131  136  138  138  130  114   98  112  126  125  115  106  101  100  101   99   95   92   93   92   88   91   95  102  108   97  108   89   57    0    0    0    0    0    0    0    0    0    0    0    0    0    0    0    0    0    0    0    0    0    0    0    0    0    0    0    0    0    0    0    0    0    0    0    0    0    0    0    0    0    0    0    0    0    0    0    0    0    0    0    0    0    0 
  0    0    0    0    0    0    0    0    0    0    0    0    0    0    0    0    0    0   51   54   58   58   62   57   57   51   46   40   46   36   22   31   55   94  109  119  131  137  140  137  129  113  108  109  129  117  109  106  108   86   74   75   78   91  100  101  110  116  124  120  110  102   89   54   10    0    0    0    0    0    0    0    0    0    0    0    0    0    0    0    0    0    0    0    0    0    0    0    0    0    0    0    0    0    0    0    0    0    0    0    0    0    0    0    0    0    0    0    0    0    0    0    0    0    0    0    0    0    0    0 
  0    0    0    0    0    0    0    0    0    0    0    0    0   49   59   67   74   79   81   81   80   82   83   87   92   95   94   89   86   75   65   41   80   96  111  128  137  140  141  130  115  121  124  112  116  120  136  138  126  119  138  131  130  124  121  112  109  104  104   93   83   42   28    0    0    0    0    0    0    0    0    0    0    0    0    0    0    0    0    0    0    0    0    0    0    0    0    0    0    0    0    0    0    0    0    0    0    0    0    0    0    0    0    0    0    0    0    0    0    0    0    0    0    0    0    0    0    0    0    0 
  0    0    0    0    0    0    0    0    0    0    0   61   70   77   80   86   89   90   91   95   99  103  107  113  118  124  124  121  113  102   91   77   55   57  103  125  137  140  139  124  116  132  133  138  140  136  130  127  118  114  118  113  112  106  104   92   83   71   50   29    0    0    0    0    0    0    0    0    0    0    0    0    0    0    0    0    0    0    0    0    0    0    0    0    0    0    0    0    0    0    0    0    0    0    0    0    0    0    0    0    0    0    0    0    0    0    0    0    0    0    0    0    0    0    0    0    0    0    0    0 
  0    0    0    0    0    0    0    0    0   61   74   78   82   84   91   94   95   98  103  107  112  116  120  124  128  133  135  130  116   98   78   75   74   39   44  105  130  138  136  128  125  137  138  142  124  121  114  116  112  109  106  101   93   81   71   56   22    0    0    0    0    0    0    0    0    0    0    0    0    0    0    0    0    0    0    0    0    0    0    0    0    0    0    0    0    0    0    0    0    0    0    0    0    0    0    0    0    0    0    0    0    0    0    0    0    0    0    0    0    0    0    0    0    0    0    0    0    0    0    0 
  0    0    0    0    0    0    0   54   64   76   83   85   90   96  100  104  108  112  113  117  119  120  119  122  129  137  141  136  113   78   79   76   75   52   30   60  119  133  133  128  126  133  127  121  114  114  112  111  106  102   94   80   59   44   11    0    0    0    0    0    0    0    0    0    0    0    0    0    0    0    0    0    0    0    0    0    0    0    0    0    0    0    0    0    0    0    0    0    0    0    0    0    0    0    0    0    0    0    0    0    0    0    0    0    0    0    0    0    0    0    0    0    0    0    0    0    0    0    0    0 
  0    0    0    0    0    0   54   68   70   83   88   92   96  104  108  114  118  119  120  122  122  120  118  113  126  135  141  135  107   58   92   81   68   50   32   36   88  122  127  120  120  123  117  112  110  111  103  101   89   74   51    0    0    0    0    0    0    0    0    0    0    0    0    0    0    0    0    0    0    0    0    0    0    0    0    0    0    0    0    0    0    0    0    0    0    0    0    0    0    0    0    0    0    0    0    0    0    0    0    0    0    0    0    0    0    0    0    0    0    0    0    0    0    0    0    0    0    0    0    0 
  0    0    0    0    0    0   67   55   74   88   93   96  102  109  116  120  123  124  124  124  124  119  111  107  113  132  139  130   94   72  112  100   57   48   33   34   70  109  115  112  115  115  109  107  100   97   89   74   51    0    0    0    0    0    0    0    0    0    0    0    0    0    0    0    0    0    0    0    0    0    0    0    0    0    0    0    0    0    0    0    0    0    0    0    0    0    0    0    0    0    0    0    0    0    0    0    0    0    0    0    0    0    0    0    0    0    0    0    0    0    0    0    0    0    0    0    0    0    0    0 
  0    0    0    0    0    0   67   59   82   94   97  100  107  115  122  125  128  129  129  127  124  117  106   99  103  121  132  126   81   92  121  108   70   36   33   33   67   94  100  106  107  101  100   87   81   60   38    0    0    0    0    0    0    0    0    0    0    0    0    0    0    0    0    0    0    0    0    0    0    0    0    0    0    0    0    0    0    0    0    0    0    0    0    0    0    0    0    0    0    0    0    0    0    0    0    0    0    0    0    0    0    0    0    0    0    0    0    0    0    0    0    0    0    0    0    0    0    0    0    0 
  0    0    0    0    0    0   56   74   91   98  100  102  113  121  129  131  133  133  132  129  123  115  104   91   95  111  122  120   75   99  124  110   78   34   29   35   62   80   91   95   90   83   66   56   23    0    0    0    0    0    0    0    0    0    0    0    0    0    0    0    0    0    0    0    0    0    0    0    0    0    0    0    0    0    0    0    0    0    0    0    0    0    0    0    0    0    0    0    0    0    0    0    0    0    0    0    0    0    0    0    0    0    0    0    0    0    0    0    0    0    0    0    0    0    0    0    0    0    0    0 
  0    0    0    0    0    0   42   84   93  101  102  109  119  128  132  135  134  134  133  129  119  113  100   86   86   97  112  110   68  106  117  108   81   49   23   46   57   65   83   73   61   43   19    0    0    0    0    0    0    0    0    0    0    0    0    0    0    0    0    0    0    0    0    0    0    0    0    0    0    0    0    0    0    0    0    0    0    0    0    0    0    0    0    0    0    0    0    0    0    0    0    0    0    0    0    0    0    0    0    0    0    0    0    0    0    0    0    0    0    0    0    0    0    0    0    0    0    0    0    0 
  0    0    0    0    0    0   63   86   95  102  105  116  124  131  134  135  136  134  133  127  118  105   94   83   79   84   98   94   88  118  116  107   93   66   25   60   48   46   54   32   32    0    0    0    0    0    0    0    0    0    0    0    0    0    0    0    0    0    0    0    0    0    0    0    0    0    0    0    0    0    0    0    0    0    0    0    0    0    0    0    0    0    0    0    0    0    0    0    0    0    0    0    0    0    0    0    0    0    0    0    0    0    0    0    0    0    0    0    0    0    0    0    0    0    0    0    0    0    0    0 
  0    0    0    0    0    0   67   84   98  106  110  121  129  134  136  136  136  134  131  123  115   99   91   80   75   75   96  104  126  130  121  110   99   77   30   60   42   30   19    0    0    0    0    0    0    0    0    0    0    0    0    0    0    0    0    0    0    0    0    0    0    0    0    0    0    0    0    0    0    0    0    0    0    0    0    0    0    0    0    0    0    0    0    0    0    0    0    0    0    0    0    0    0    0    0    0    0    0    0    0    0    0    0    0    0    0    0    0    0    0    0    0    0    0    0    0    0    0    0    0 
  0    0    0    0    0    0   71   88  101  108  115  124  133  138  138  138  136  134  130  120  113   97   86   79   72   76  108  123  132  131  123  114  100   79   37   64   48   31    0    0    0    0    0    0    0    0    0    0    0    0    0    0    0    0    0    0    0    0    0    0    0    0    0    0    0    0    0    0    0    0    0    0    0    0    0    0    0    0    0    0    0    0    0    0    0    0    0    0    0    0    0    0    0    0    0    0    0    0    0    0    0    0    0    0    0    0    0    0    0    0    0    0    0    0    0    0    0    0    0    0 
  0    0    0    0    0    0   71   89  105  111  118  131  137  141  141  139  137  134  130  119  107   95   83   76   73   87  106  122  121  120  117  113  101   85   54   58   54   32    0    0    0    0    0    0    0    0    0    0    0    0    0    0    0    0    0    0    0    0    0    0    0    0    0    0    0    0    0    0    0    0    0    0    0    0    0    0    0    0    0    0    0    0    0    0    0    0    0    0    0    0    0    0    0    0    0    0    0    0    0    0    0    0    0    0    0    0    0    0    0    0    0    0    0    0    0    0    0    0    0    0 
  0    0    0    0    0   39   71   90  109  114  124  134  142  145  145  139  134  134  129  119  103   96   81   76   82   97  111  120  119  113  110  108  102   91   71   52   56   36    0    0    0    0    0    0    0    0    0    0    0    0    0    0    0    0    0    0    0    0    0    0    0    0    0    0    0    0    0    0    0    0    0    0    0    0    0    0    0    0    0    0    0    0    0    0    0    0    0    0    0    0    0    0    0    0    0    0    0    0    0    0    0    0    0    0    0    0    0    0    0    0    0    0    0    0    0    0    0    0    0    0 
  0    0    0    0    0   55   69   92  112  118  130  139  146  149  148  141  134  135  128  119  106   96   82   77   86  106  114  121  122  119  108  105  106   97   82   64   48   43    0    0    0    0    0    0    0    0    0    0    0    0    0    0    0    0    0    0    0    0    0    0    0    0    0    0    0    0    0    0    0    0    0    0    0    0    0    0    0    0    0    0    0    0    0    0    0    0    0    0    0    0    0    0    0    0    0    0    0    0    0    0    0    0    0    0    0    0    0    0    0    0    0    0    0    0    0    0    0    0    0    0 
  0    0    0    0    0   65   70   99  116  122  134  144  150  152  149  143  137  137  132  119  109   96   88   78   85  104  119  127  127  124  117  107  104  105   96   75   63   43   31    0    0    0    0    0    0    0    0    0    0    0    0    0    0    0    0    0    0    0    0    0    0    0    0    0    0    0    0    0    0    0    0    0    0    0    0    0    0    0    0    0    0    0    0    0    0    0    0    0    0    0    0    0    0    0    0    0    0    0    0    0    0    0    0    0    0    0    0    0    0    0    0    0    0    0    0    0    0    0    0    0 
  0    0    0    0    0   75   72  102  117  124  137  148  152  153  151  147  143  139  134  123  110   99   88   80   81   97  119  130  130  126  120  112  105  105  103   90   67   60   43    0    0    0    0    0    0    0    0    0    0    0    0    0    0    0    0    0    0    0    0    0    0    0    0    0    0    0    0    0    0    0    0    0    0    0    0    0    0    0    0    0    0    0    0    0    0    0    0    0    0    0    0    0    0    0    0    0    0    0    0    0    0    0    0    0    0    0    0    0    0    0    0    0    0    0    0    0    0    0    0    0 
  0    0    0    0    0   79   80  102  116  124  137  146  151  151  150  151  148  144  136  126  113  105   93   82   80   87  113  127  127  125  118  115  111  106  104   98   78   61   58   32    0    0    0    0    0    0    0    0    0    0    0    0    0    0    0    0    0    0    0    0    0    0    0    0    0    0    0    0    0    0    0    0    0    0    0    0    0    0    0    0    0    0    0    0    0    0    0    0    0    0    0    0    0    0    0    0    0    0    0    0    0    0    0    0    0    0    0    0    0    0    0    0    0    0    0    0    0    0    0    0 
  0    0    0    0   64   89   94   99  115  121  134  140  145  146  150  153  151  148  142  131  118  110   99   87   77   83  108  125  129  126  115  109  113  112  108   96   86   70   58   53    0    0    0    0    0    0    0    0    0    0    0    0    0    0    0    0    0    0    0    0    0    0    0    0    0    0    0    0    0    0    0    0    0    0    0    0    0   36    0    0    0    0    0    0    0    0    0    0    0    0    0    0    0    0    0    0    0    0    0    0    0    0    0    0    0    0    0    0    0    0    0    0    0    0    0    0    0    0    0    0 
  0    0    0    0   81  107  107  105  112  116  126  134  138  144  149  151  152  150  146  137  124  112  102   91   79   80  103  125  133  132  120  104  109  113  109  104   86   74   60   51   44    0    0    0    0    0    0    0    0    0    0    0    0    0    0    0    0    0    0    0    0    0    0    0    0    0    0   49   59   72   71   71   75   81   85   86   85   86   84   79   73   63   53   30    0    0    0    0    0    0    0    0    0    0    0    0    0    0    0    0    0    0    0    0    0    0    0    0    0    0    0    0    0    0    0    0    0    0    0    0 
  0    0    0   51   94  113  116  123  115  109  113  125  134  141  145  149  152  152  151  143  130  118  103   89   80   80   96  123  134  136  125  107  104  109  107  106   91   73   65   56   60   36    0    0    0    0    0    0    0    0    0    0    0    0    0    0    0    0    0    0    0    0    0   43   62   71   76   86   89   91   92   95   95   91   89   90   91   91   94   95   93   91   88   77   59   43    0    0    0    0    0    0    0    0    0    0    0    0    0    0    0    0    0    0    0    0    0    0    0    0    0    0    0    0    0    0    0    0    0    0 
  0    0    0   66  102  115  125  140  134  122  106  112  129  133  141  148  152  153  152  148  133  124  105   90   77   76   89  122  135  137  130  112  105  104  104  100   96   79   65   62   55   83   66   58   48   37    0    0    0    0    0    0    0    0    0    0    0    0    0    0   53   66   72   74   78   85   91   92   94   97  102  105  109  108  108  108  105  104  102  100  100  100   99   96   91   85   65   47    0    0    0    0    0    0    0    0    0    0    0    0    0    0    0    0    0    0    0    0    0    0    0    0    0    0    0    0    0    0    0    0 
  0    0    0   82  104  116  125  143  147  144  133  114  118  128  137  146  150  153  151  148  138  128  113   90   74   70   87  119  132  135  129  113  109  102  102   95   85   83   64   73   69   82   82   76   75   72   71   66   63   48    0    0    0    0    0    0    0   51   65   69   73   71   76   82   90   95   95   99  103  101   99  103  105  108  113  119  123  123  119  116  111  106  108  108  100   92   92   79   66   61    0    0    0    0    0    0    0    0    0    0    0    0    0    0    0    0    0    0    0    0    0    0    0    0    0    0    0    0    0    0 
  0    0    0   85  103  116  125  144  150  151  147  122  111  124  135  144  147  151  150  146  139  127  111   87   71   62   82  113  126  130  124  108  109  103   98  101   75   80   74   87  103   97   86   81   81   84   82   79   73   74   78   72   67   69   67   65   63   64   64   69   78   86   93   98  103  105  110  117  119  123  123  118  115  112  115  117  126  129  131  130  126  120  118  118  109   99   96   93   82   70   67   52    0    0    0    0    0    0    0    0    0    0    0    0    0    0    0    0    0    0    0    0    0    0    0    0    0    0    0    0 
  0    0    0   83   99  113  122  139  148  151  149  126  109  122  132  142  140  145  146  142  135  125  101   81   64   56   78  107  122  127  120  107  106  102  102  105   89   76   99  103  111  100   93   99  105  105   99   96   92   86   78   78   83   71   65   70   69   77   83   88   93   96   99  106  112  115  121  123  125  126  127  129  127  121  117  117  118  129  133  134  135  132  128  129  123  107  101  102  101   96   84   69   56    0    0    0    0    0    0    0    0    0    0    0    0    0    0    0    0    0    0    0    0    0    0    0    0    0    0    0 
  0    0    0   71   90  107  117  131  140  147  146  128  104  116  126  137  137  134  138  134  124  112   86   71   54   53   74  103  118  124  118  109  100   99  101  106   94   74  113  119  110  103  105  110  119  122  117  106   99   92   90   82   70   72   78   85   92   95   97  103  109  112  116  119  122  127  129  131  129  129  128  129  129  129  124  121  119  122  131  137  140  137  134  137  132  122  118  116  118  112  103   90   73   66    0    0    0    0    0    0    0    0    0    0    0    0    0    0    0    0    0    0    0    0    0    0    0    0    0    0 
  0    0    0   55   81   97  109  122  128  137  141  131   97  109  116  126  132  128  130  125  113   93   77   65   49   52   72   97  111  118  114  104   94   97  104  115  114  104  114  113  107  108  109  118  126  132  132  124  114  107  100   96   98  101  108  105  103  105  109  118  123  126  127  129  133  134  132  133  134  134  134  132  133  134  133  129  125  122  130  134  139  139  137  142  140  135  131  130  127  121  113  104   91   82   71   39    0    0    0    0    0    0    0    0    0    0    0    0    0    0    0    0    0    0    0    0    0    0    0    0 
  0    0    0   16   66   87   98  106  123  128  132  127   91   99  106  114  120  121  120  113  100   80   67   52   44   49   70   89  104  110  107   97   97  112  122  132  131  129  117  112  113  113  119  123  127  137  140  137  130  119  114  111  115  121  121  110  109  113  118  124  126  131  127  133  138  134  132  132  134  137  137  137  137  137  137  137  134  128  131  135  134  138  136  141  145  140  139  136  133  126  121  110  104   97   88   76   40    0    0    0    0    0    0    0    0    0    0    0    0    0    0    0    0    0    0    0    0    0    0    0 
  0    0    0    0   45   71   84   95  108  116  117  119   93   77   92  100   99  102   99   91   81   61   55   41   41   50   67   95  108  113  115  110  116  136  139  137  124  124  119  115  118  122  125  126  125  132  138  137  133  126  118  116  117  123  120  108  111  117  124  127  129  130  129  134  135  133  136  137  139  139  139  140  140  140  138  141  141  136  135  134  134  136  135  134  143  142  141  141  137  129  127  120  111  107   98   83   74   35    0    0    0    0    0    0    0    0    0    0    0    0    0    0    0    0    0    0    0    0    0    0 
  0    0    0    0    0   45   65   77   89   97  106  117  113   91   70   77   86   84   78   65   54   48   39   38   42   55   83  114  127  132  137  138  139  144  136  131  126  117  119  121  123  126  130  129  126  124  130  130  128  125  124  125  123  119  114  106  109  120  126  129  134  131  130  132  133  135  138  142  143  141  141  143  144  144  140  139  144  142  140  138  137  138  142  138  138  140  140  142  140  131  127  127  120  116  109   96   80   66    0    0    0    0    0    0    0    0    0    0    0    0    0    0    0    0    0    0    0    0    0    0 
  0    0    0    0    0   20   40   48   59   70   81   97  111  104   89   65   63   62   53   45   38   35   32   32   62   95  123  141  149  151  152  150  144  137  131  127  127  123  119  121  123  128  132  133  131  126  127  127  126  127  129  130  127  122  111  104  117  127  130  134  135  131  130  134  135  138  140  142  141  141  143  146  149  149  147  142  142  145  143  141  140  142  145  145  141  137  136  137  143  136  127  126  124  121  118  107   91   76   63    0    0    0    0    0    0    0    0    0    0    0    0    0    0    0    0    0    0    0    0    0 
  0    0    0    0    0    0   26    8   23   33   47   55   66   75   79   66   51   40   34   31   31   29   32   52  115  137  145  147  148  146  142  141  136  133  131  127  124  120  118  119  121  123  129  135  135  132  128  126  124  127  128  128  125  121  110  115  129  134  135  138  136  135  136  137  139  142  143  142  141  142  145  148  150  152  152  150  145  144  143  139  140  146  149  147  143  139  135  133  133  136  132  125  123  119  117  113  100   86   77   57    0    0    0    0    0    0    0    0    0    0    0    0    0    0    0    0    0    0    0    0 
  0    0    0    0    0    0    0   16   34   25    4   12   19   27   35   38   36   29   30   31   31   56  112  150  150  151  146  141  137  133  130  128  127  129  133  134  129  126  124  123  125  125  128  135  138  136  133  128  127  127  127  126  125  121  116  129  135  136  138  140  142  141  140  142  146  147  146  146  145  144  146  148  149  151  153  152  149  145  143  139  140  147  149  144  142  141  135  136  134  130  132  129  126  121  114  110  101   93   85   79   33    0    0    0    0    0    0    0    0    0    0    0    0    0    0    0    0    0    0    0 
  0    0    0    0    0    0    0    0    6   34   34   59    9   12   16   21   29   40   39   27  132  130  151  153  147  143  139  136  133  130  128  127  127  129  137  141  137  135  133  130  129  130  130  136  142  141  138  134  134  132  130  129  130  123  128  136  135  137  141  143  147  144  143  148  150  150  148  149  149  149  148  148  148  148  150  151  148  144  145  144  143  143  139  131  131  132  130  129  135  135  134  135  133  130  124  108  101   90   91   87   69    0    0    0    0    0    0    0    0    0    0    0    0    0    0    0    0    0    0    0 
  0    0    0    0    0    0    0    0    0    0   38   68   73   52   29   53   85  121  143  147  148  150  144  143  141  138  136  135  133  132  131  132  138  136  136  145  142  140  140  137  135  132  129  136  144  144  141  139  137  133  133  134  133  130  134  133  137  141  144  146  149  146  145  151  152  151  150  150  152  153  152  150  147  147  147  148  147  145  149  147  141  128  112  113  118  119  117  116  117  122  135  142  141  137  133  121  104   94   88   94   84   50    0    0    0    0    0    0    0    0    0    0    0    0    0    0    0    0    0    0 
  0    0    0    0    0    0    0    0    0    0   42   76   84   89   85   86  101  133  149  153  149  140  136  137  137  136  136  135  134  133  135  139  142  145  139  145  143  143  142  142  141  135  128  134  143  142  139  138  134  133  136  137  134  135  131  136  140  145  147  148  145  149  146  152  152  152  152  150  151  153  153  153  150  142  145  147  149  145  146  136  115  102  108  113  114  117  116  114  113  109  101  135  143  140  134  126  115  104   88   95   88   76   27    0    0    0    0    0    0    0    0    0    0    0    0    0    0    0    0    0 
  0    0    0    0    0    0    0    0    0    0   50   79   93   98   97  102  112  135  146  150  141  132  133  134  135  137  139  138  137  138  142  142  142  146  144  143  143  143  143  146  145  137  134  135  140  138  136  135  131  133  138  138  137  134  132  140  142  146  149  149  146  149  148  152  153  153  152  152  149  150  152  152  153  147  143  143  146  140  127  111  106  112  115  114  115  116  118  118  117  116  111   89  129  134  129  121  123  113   95   89   93   90   56    0    0    0    0    0    0    0    0    0    0    0    0    0    0    0    0    0 
  0    0    0    0    0    0    0    0    0    0   49   89  101  101  104  108  115  134  143  141  133  130  132  135  137  141  142  142  142  144  143  143  141  145  144  138  141  143  145  151  148  138  139  141  139  136  135  134  132  135  140  140  138  135  138  142  145  144  150  151  151  147  151  152  153  152  153  153  153  151  152  150  152  153  148  143  138  127  113  109  113  117  122  125  125  126  125  125  121  119  119  117   96  113  120  112  116  118  106   92   88   92   72   23    0    0    0    0    0    0    0    0    0    0    0    0    0    0    0    0 
  0    0    0    0    0    0    0    0    0   46   75   95  104  105  107  108  120  131  134  132  130  131  135  137  142  147  148  147  147  147  146  144  141  144  142  136  135  145  149  152  150  140  142  146  142  137  138  135  133  137  141  143  142  141  142  145  148  148  146  152  152  150  145  150  151  147  141  150  147  150  153  153  152  152  151  143  126  117  115  123  128  133  140  141  139  141  139  135  129  122  119  120  117  107  117  111   96  117  111   97   86   88   86   49    0    0    0    0    0    0    0    0    0    0    0    0    0    0    0    0 
  0    0    0    0    0    0    0    0    0   56   86   97  106  107  106  112  125  124  126  127  133  136  140  142  148  152  150  150  151  151  151  147  145  146  138  138  135  142  150  152  151  143  145  148  144  139  139  136  133  138  143  147  147  144  146  149  151  152  149  150  152  146  142  131   95   92   77   63   59   58   57   60   59   55   62   78   91  106  119  131  138  143  149  150  147  146  147  146  140  131  123  118  116  114  125  121  105   93  113  102   88   86   84   60    0    0    0    0    0    0    0    0    0    0    0    0    0    0    0    0 
  0    0    0    0    0    0    0    0   39   73   89  101  105  106  108  115  123  117  123  130  137  141  146  147  151  152  150  151  152  152  152  151  148  147  139  144  143  137  149  152  151  146  147  150  144  142  144  136  135  143  143  146  151  143  148  152  151  152  148  139  129  114   85   69   70   78   86   91   94   94   96   95   96   94   90   84   81   81  104  126  137  145  148  149  147  147  148  150  147  141  134  121  114  109  127  131  118   99  103  104   91   85   77   65   32    0    0    0    0    0    0    0    0    0    0    0    0    0    0    0 
  0    0    0    0    0    0    0    0   50   77   91  101  105  107  112  116  119  115  125  133  140  145  150  149  150  150  147  149  150  152  152  153  150  146  143  147  146  138  147  152  150  149  151  150  143  144  145  137  141  148  147  138  153  145  143  148  151  145  136   97   69   65   72   88  101  100  106  112  112  111  114  115  119  119  113  108  106  106   96  102  120  132  139  140  141  144  147  149  150  148  142  130  119  106  120  132  123  109   99  103   90   86   80   71   53    0    0    0    0    0    0    0    0    0    0    0    0    0    0    0 
  0    0    0    0    0    0    0    0   58   80   91  100  105  109  117  113  113  116  127  134  144  150  152  149  144  142  141  142  142  143  147  152  152  148  144  149  149  139  144  150  148  148  153  149  143  143  142  141  148  151  152  144  129  152  142  139  136  112   63   73   83   95  106  110  107  107  122  122  124  125  126  128  132  133  129  124  120  122  122  114  114  121  126  129  126  132  143  146  151  150  145  136  127  113  110  130  124  114  105  106   93   80   90   71   62   28    0    0    0    0    0    0    0    0    0    0    0    0    0    0 
  0    0    0    0    0    0    0    0   64   84   91   98  105  113  120  107  112  118  129  138  148  152  152  144  137  135  139  142  141  140  139  143  151  151  145  151  151  140  144  147  147  149  153  147  140  142  144  147  151  150  150  153  144  142  139   93   81   66   85   98  107  112  121  118  114  129  134  133  135  137  137  138  140  141  142  137  132  127  130  130  127  122  121  123  122  112  129  139  151  152  148  139  132  122  111  124  124  117  112  105   96   77   94   73   66   53    0    0    0    0    0    0    0    0    0    0    0    0    0    0 
  0    0    0    0    0    0    0    0   68   84   92   98  105  115  115  101  113  119  131  142  150  152  150  136  134  137  145  148  148  148  146  140  147  153  146  149  148  140  146  146  146  150  153  143  138  144  148  152  152  150  145  144  152  144  108   73   77   94  107  118  117  127  133  127  138  142  143  142  143  144  145  146  146  146  147  147  142  134  129  133  135  133  128  125  124  119  102  128  150  152  150  142  134  127  118  121  123  121  116  109  100   87   82   76   69   65    0    0    0    0    0    0    0    0    0    0    0    0    0    0 
  0    0    0    0    0    0    0    0   68   84   92   98  103  114  103  101  116  121  134  145  149  150  141  133  137  142  149  152  152  153  151  145  143  152  152  150  145  144  148  147  148  150  152  142  140  144  148  152  152  150  148  143  144  121   74   89   92  109  121  123  128  140  140  142  150  150  148  148  149  149  149  150  150  149  148  148  147  143  135  132  135  137  135  130  129  128   99  114  152  152  152  144  134  128  121  124  125  122  118  112   99   92   82   73   71   68   24    0    0    0    0    0    0    0    0    0    0    0    0    0 
  0    0    0    0    0    0    0    0   68   84   93   96   98  106   98  106  118  123  138  147  148  142  130  138  140  146  151  153  151  151  152  149  147  149  150  153  150  146  147  148  149  151  152  143  145  143  141  149  151  150  151  149  127   80   90   80  109  117  126  129  139  145  147  151  152  152  150  152  152  151  151  151  151  151  149  147  147  145  141  137  136  138  140  132  127  132  112   94  148  151  151  146  134  124  119  123  131  131  124  110  102   92   83   69   71   66   43    0    0    0    0    0    0    0    0    0    0    0    0    0 
  0    0    0    0    0    0    0    0   64   82   93   93   93   99   96  111  122  123  137  147  143  130  130  141  144  149  153  152  149  145  148  149  152  151  147  148  146  140  138  146  150  152  152  144  148  149  137  133  148  149  151  143   87   85   86   95  115  123  131  140  145  148  151  153  152  151  150  153  153  152  151  151  151  151  150  148  145  143  141  140  139  141  142  136  120  131  119   98  142  149  150  145  135  123  112  118  135  139  132  111  101   88   85   72   71   65   49    0    0    0    0    0    0    0    0    0    0    0    0    0 
  0    0    0    0    0    0    0    0   59   78   87   93   87   97   97  113  123  124  134  144  135  128  135  144  147  149  151  150  146  146  145  151  152  150  151  149  148  142  134  134  146  152  149  143  151  149  145  128  138  147  150  121   79   79   83  106  116  127  135  142  148  151  152  153  150  150  151  153  152  153  152  152  152  151  149  148  146  143  143  142  142  142  143  135  117  124  119  112  139  148  150  143  136  122  107  114  134  144  137  112   96   85   83   76   67   66   52    0    0    0    0    0    0    0    0    0    0    0    0    0 
  0    0    0    0    0    0    0    0   49   71   81   88   86   94  100  115  123  125  131  137  128  129  137  145  147  146  146  145  145  150  148  150  150  151  152  153  151  145  139  135  135  152  148  142  151  149  151  145  130  135  143  108   73   79   86  107  120  133  138  144  150  153  152  153  152  151  152  152  152  152  153  152  151  151  150  150  150  148  147  146  143  140  139  129  111  125  124  125  141  146  147  141  137  124  108  106  129  145  141  113   92   82   86   81   68   69   57    0    0    0    0    0    0    0    0    0    0    0    0    0 
  0    0    0    0    0    0    0    0   28   62   75   81   87   93  102  115  122  124  127  132  124  128  136  143  146  145  142  140  142  149  149  147  150  152  152  151  149  144  138  137  136  148  147  143  151  149  145  147  140  124  122   94   65   83   82  109  127  136  139  147  151  152  151  152  152  152  152  152  150  151  152  153  152  152  152  152  152  150  147  146  142  137  133  125  113  131  133  135  139  145  142  135  136  131  115   93  125  144  139  112   89   81   91   88   74   69   59    0    0    0    0    0    0    0    0    0    0    0    0    0 
  0    0    0    0    0    0    0    0    0   52   60   74   86   92  104  113  119  122  124  127  121  125  132  141  147  147  144  140  144  146  144  148  151  148  145  144  143  142  138  133  137  148  145  144  151  151  140  139  142  135  109   76   63   82   82  113  130  136  141  149  151  149  152  150  152  152  153  149  148  152  150  152  153  153  153  152  150  147  143  141  140  134  128  121  124  139  138  138  139  143  140  128  125  131  120   90  120  143  135  106   91   85   96   91   81   65   57    0    0    0    0    0    0    0    0    0    0    0    0    0 
  0    0    0    0    0    0    0    0    0   15   39   69   85   90  104  113  116  119  122  125  121  121  128  136  144  147  144  143  147  144  141  148  151  147  141  138  139  139  134  128  135  148  141  143  150  151  140  132  142  145  104   70   62   76   84  117  132  134  141  150  151  149  151  149  151  152  153  150  147  153  151  152  152  152  151  148  145  142  138  138  138  134  128  129  139  142  140  138  139  142  141  132  117  119  121   93  119  141  133  105   93   89  101   95   81   66   62   23    0    0    0    0    0    0    0    0    0    0    0    0 
  0    0    0    0    0    0    0    0    0    0   40   68   82   88   99  110  113  115  120  123  122  120  124  128  139  144  142  145  148  142  139  148  149  143  141  141  143  141  131  126  137  150  139  139  148  148  138  129  142  149  105   63   62   69   86  118  131  133  135  145  150  146  152  144  149  152  153  151  148  152  152  153  153  152  151  147  142  138  136  139  140  140  135  140  144  142  141  138  132  138  140  133  122  110  112   98  122  136  127  108   89   93  104   99   78   68   64   31    0    0    0    0    0    0    0    0    0    0    0    0 
  0    0    0    0    0    0    0    0    0    0   41   58   79   85   95  103  108  110  116  119  121  120  121  124  131  138  138  146  146  141  140  144  143  137  146  149  149  144  131  130  149  152  146  142  145  144  135  130  142  149  110   62   58   60   85  112  126  130  130  135  144  145  150  143  145  150  152  150  150  152  150  150  151  150  150  145  140  140  145  148  148  146  141  146  147  144  142  141  131  130  135  136  126  110  102  110  124  131  125  111   89   93  104   97   75   69   63   37    0    0    0    0    0    0    0    0    0    0    0    0 
  0    0    0    0    0    0    0    0    0    0   33   33   71   81   90   94   99  103  111  115  117  119  118  120  124  133  137  143  143  140  140  140  132  136  147  151  151  144  130  141  152  149  149  151  146  141  134  132  144  149  114   66   60   55   76  101  118  125  127  128  137  145  150  145  142  147  150  148  153  150  150  150  149  148  145  140  138  148  152  151  149  145  143  149  150  147  144  140  130  123  129  133  128  110  100  117  126  128  122  111   92   89  104   91   76   65   63   44    0    0    0    0    0    0    0    0    0    0    0    0 
  0    0    0    0    0    0    0    0    0    0    0   57   53   74   81   87   90   98  105  114  113  116  115  117  121  130  138  139  140  139  137  133  129  138  143  148  148  138  130  150  148  148  152  152  147  141  138  140  147  150  123   70   66   51   57   94  109  116  124  130  135  143  149  145  144  144  146  150  151  147  151  152  151  148  141  129  142  152  152  151  148  142  142  152  150  146  142  138  126  120  127  129  127  107  102  118  125  126  118  106   95   88  101   86   76   62   68   49    0    0    0    0    0    0    0    0    0    0    0    0 
  0    0    0    0    0    0    0    0    0    0    0   40   14   53   71   78   86   91  101  113  114  115  114  115  121  129  137  137  137  139  134  130  132  138  139  141  142  132  133  152  147  150  152  148  142  143  145  148  149  151  140   78   69   58   55   83  106  114  121  132  139  139  145  145  145  143  145  149  145  148  152  153  152  148  137  120  150  153  152  151  148  139  143  151  148  139  137  136  125  120  124  125  125  102  102  118  124  124  113   97  103   97   93   82   79   62   67   50    0    0    0    0    0    0    0    0    0    0    0    0 
  0    0    0    0    0    0    0    0    0    0    0    0   34   24   56   68   79   86   96  108  115  115  115  115  116  127  132  133  133  134  132  127  134  138  138  137  134  130  144  151  147  149  149  142  141  148  151  151  147  147  147  100   64   66   51   67  102  116  119  130  142  141  138  142  143  144  145  144  144  148  152  152  150  144  129  129  152  153  153  151  147  135  138  148  144  131  126  131  129  122  120  120  117   93  101  119  124  118  106   93  113  102   86   79   80   66   63   48    0    0    0    0    0    0    0    0    0    0    0    0 
  0    0    0    0    0    0    0    0    0    0    0    0    0   27   37   60   72   82   90  100  113  114  115  114  112  116  123  126  127  127  126  124  125  128  130  132  126  134  148  149  149  148  145  142  146  152  152  149  142  142  147  125   61   72   56   60   87  111  120  126  141  143  136  133  139  143  141  140  144  148  149  149  144  136  126  133  150  150  151  150  145  134  132  143  140  122  123  129  131  125  115  115  109   81  108  122  120  108   99  111  119  102   79   83   80   71   63   47    0    0    0    0    0    0    0    0    0    0    0    0 
  0    0    0    0    0    0    0    0    0    0    0    0    0    0   31   49   65   74   83   90  101  113  113  110  110  108  106  109  114  117  120  120  120  114  113  117  119  134  145  146  149  148  144  146  151  153  152  146  138  142  146  136   84   69   65   62   76  104  117  126  138  146  139  126  134  138  136  138  139  143  142  142  136  131  129  136  149  147  148  147  142  134  128  140  139  123  123  133  131  126  116  112  101   76  114  122  111  102  110  124  121   96   80   89   80   73   56   47    0    0    0    0    0    0    0    0    0    0    0    0 
  0    0    0    0    0    0    0    0    0    0    0    0    0    0   35   37   54   64   72   79   86   98  106  106  104  104  103  100  105  106  110  116  117  108   95   95  111  126  137  143  148  147  146  149  151  152  150  145  137  140  144  141   98   64   69   61   73   95  114  125  134  146  145  136  127  131  128  130  131  132  133  134  131  131  135  140  148  147  146  145  141  137  130  137  140  131  124  131  133  128  118  108   91   81  116  117  106  120  127  127  113   89   93   90   76   70   54   52   48    0    0    0    0    0    0    0    0    0    0    0 
  0    0    0    0    0    0    0    0    0    0    0    0    0    0    0   38   38   53   60   68   74   84   91   97  101  102  103  100  102  110  111  114  116  114  108  106  110  118  126  134  144  147  149  150  151  151  149  145  135  137  142  144  117   64   74   63   73   85  113  124  131  145  147  145  127  130  126  123  123  125  128  132  134  139  141  143  149  150  146  144  142  139  135  135  137  134  126  126  130  127  117   99   80   94  118  115  125  136  135  123  104   94  100   89   70   67   59   59   70   59   64   75   80   80   71   45    0    0    0    0 
  0    0    0    0    0    0    0    0    0    0    0    0    0    0    0   26   27   40   53   60   64   71   81   89   95  100  102  102   99  107  117  121  121  118  117  119  116  120  121  126  134  145  150  151  151  150  148  144  133  133  141  144  126   76   68   67   68   76  108  122  129  142  146  146  133  137  138  136  136  136  139  142  146  148  146  147  151  151  149  146  144  140  138  136  134  133  127  126  122  123  112   86   86  114  126  124  137  141  132  116  112  103  101   87   66   67   72   84   87   79   86   98  102  103   97   82   54    0    0    0 
  0    0    0    0    0    0    0    0    0    0    0    0    0    0    0    0   13   22   34   47   56   60   69   76   85   91   97   98   98   96  106  118  125  126  125  122  114  118  120  123  131  141  150  152  152  151  148  142  130  131  138  144  129   85   65   72   66   70   96  118  124  136  141  148  140  140  147  147  148  148  149  150  152  151  149  151  152  151  149  148  147  140  136  138  134  126  122  124  119  116  104   88  110  127  133  128  137  134  128  117  119  106   98   83   60   72   97  111  105   99  109  114  116  115  109   94   79   43    0    0 
  0    0    0    0    0    0    0    0    0    0    0    0    0    0    0    0    0    0   25   29   39   47   54   64   72   75   83   89   92   92   90   93  103  114  121  118  107  111  117  124  132  140  147  152  152  150  147  137  129  130  138  144  135   92   70   69   68   68   83  110  118  135  143  150  139  142  148  150  151  151  151  151  153  151  152  151  151  149  147  149  147  138  132  137  134  121  117  123  120  113   98  107  125  135  137  131  131  127  127  128  122  105   94   81   55   83  122  130  120  119  122  126  126  125  120  107   86   64    0    0 
  0    0    0    0    0    0    0    0    0    0    0    0    0    0    0    0    0    0    0   34   39   36   44   51   56   64   68   73   77   82   82   83   84   88  102  107  100  106  114  124  131  141  145  150  151  150  144  136  128  130  137  142  139  101   73   70   68   70   74  102  113  136  148  145  136  144  148  150  152  152  150  150  152  152  153  152  152  149  146  146  145  135  125  132  130  117  116  123  120  112  111  119  128  137  138  131  121  122  132  132  121   99   89   79   57  101  128  129  118  124  131  132  134  130  125  110   91   72    0    0 
  0    0    0    0    0    0    0    0    0    0    0    0    0    0    0    0    0    0    0    0   48   49   45   52   47   51   57   60   62   67   73   72   73   73   79   97   99  106  111  117  127  142  147  149  150  149  142  132  125  130  136  142  139  107   77   78   72   70   78   96  110  131  144  137  140  145  148  150  152  152  149  145  149  152  152  153  151  148  144  144  141  129  108  125  125  118  118  123  115  125  130  122  129  138  137  128  114  124  135  131  113   94   83   78   63  120  140  126  127  132  136  136  137  134  128  115   93   72   32    0 
  0    0    0    0    0    0    0    0    0    0    0    0    0    0    0    0    0    0    0    0    3   50   52   54   52   51   50   51   52   55   56   57   62   65   72   88   98  101  109  115  124  140  147  149  149  146  140  127  124  131  139  144  143  107   83   87   78   75   77   95  110  125  135  133  139  141  147  149  150  148  143  135  140  147  148  149  147  143  139  135  132  117   98  119  122  119  122  124  127  138  133  122  122  138  136  122  108  127  134  127  106   87   80   67   91  131  138  127  131  136  140  140  137  135  127  113   94   69   32    0 
  0    0    0    0    0    0    0    0    0    0    0    0    0    0    0    0    0    0    0    0    0    0   34   43   48   47   44   43   42   41   42   50   53   60   68   78   96   97  107  116  126  136  143  146  147  143  135  125  124  135  141  143  145  108   83   90   81   82   76   93  112  124  126  121  133  131  141  144  143  141  131  124  125  136  137  138  137  134  128  125  120  105  106  124  126  127  130  133  141  143  132  114  118  136  133  113  106  130  133  121   98   85   74   61  113  141  126  128  135  140  144  143  141  133  124  109   90   68   30    0 
  0    0    0    0    0    0    0    0    0    0    0    0    0    0    0    0    0    0    0    0    0    0    0   13   28   36   42   47   51   50   49   48   44   58   63   67   91   95  106  120  129  138  141  142  142  138  131  126  129  138  138  140  144  108   85   91   83   85   79   89  115  126  119  108  125  122  130  139  137  132  123  129  117  126  128  126  125  123  117  119  117  127  126  122  132  135  138  143  147  142  128  108  114  130  129  100  113  129  129  112   94   83   61   81  136  142  130  134  141  145  146  144  140  131  120   99   84   68   22    0 
  0    0    0    0    0    0    0    0    0    0    0    0    0    0    0    0    0    0    0    0    0    0    0    0    0   14   24   30   31   38   34   52   52   49   42   62   85   95  106  122  132  143  146  144  141  135  132  131  132  134  136  140  144  108   85   90   81   84   86   93  119  134  128  109  118  120  117  132  132  129  130  144  134  133  134  127  119  119  118  127  131  141  140  123  126  136  141  147  148  140  119  104  106  125  119   95  117  126  123  103   87   69   68  115  148  139  137  141  148  148  145  142  136  128  114   87   82   69    0    0 
  0    0    0    0    0    0    0    0    0    0    0    0    0    0    0    0    0    0    0    0    0    0    0    0    0    0    0    0   10   21   31   33   62   56   46   59   81   95  105  123  134  143  148  147  143  139  137  132  133  134  136  142  144  101   84   87   84   84   88   95  116  139  139  122  111  124  117  119  133  138  147  152  149  149  148  134  130  131  135  141  145  149  145  126  118  127  140  146  145  133  112   97  102  121  108  103  119  120  116   95   81   63   87  140  142  141  145  149  151  146  139  136  134  125  105   79   86   61    0    0 
  0    0    0    0    0    0    0    0    0    0    0    0    0    0    0    0    0    0    0    0    0    0    0    0    0    0    0    0    0    0    0    0    0    0   29   49   82   96  107  124  135  143  147  146  144  141  137  132  135  136  138  146  143  100   83   85   85   85   92  101  111  138  144  133  120  128  133  128  135  148  153  149  147  153  144  138  145  148  147  146  148  151  139  119  110  115  136  142  139  126  103   91   97  110  100  108  116  115  103   82   71   74  119  151  143  148  150  152  152  140  135  132  131  121   97   79   86   44    0    0 
  0    0    0    0    0    0    0    0    0    0    0    0    0    0    0    0    0    0    0    0    0    0    0    0    0    0    0    0    0    0    0    0    0   46   25   44   82   97  113  128  137  144  147  147  144  142  136  137  138  140  141  149  142  103   84   87   82   89   95  102  111  133  141  138  130  131  135  138  135  143  150  147  150  151  132  141  151  151  148  144  146  146  130  108  103  112  131  134  131  116   96   85   94  102  103  106  113  107   90   79   72   87  146  150  148  151  152  153  150  137  125  126  124  111   90   80   77   15    0    0 
  0    0    0    0    0    0    0    0    0    0    0    0    0    0    0    0    0    0    0    0    0    0    0    0    0    0    0    0    0    0    0    0    0   58   87   48   85   98  121  132  138  146  149  148  146  145  141  141  141  144  146  152  143  107   89   87   86   92   95  101  110  125  136  135  133  136  133  137  133  134  141  141  144  144  121  143  150  150  143  138  144  136  119  100  100  108  124  124  119  105   86   81   89  100  103  103  111  100   83   77   78  123  153  149  150  152  153  152  143  131  115  118  115   98   81   81   64    0    0    0 
  0    0    0    0    0    0    0    0    0    0    0    0    0    0    0    0    0    0    0    0    0    0    0    0    0    0    0    0    0    0    0    0    0   63   97   54   85  106  130  136  141  149  151  151  150  147  144  144  144  148  147  133  110  107   96  104  100  101  100  101  104  114  125  128  132  137  131  131  128  121  127  127  128  130  118  136  142  144  132  133  137  123  106   98   96  104  115  114  108   91   71   81   86  105  102  108  112   95   78   79  102  150  150  150  151  152  152  148  134  119  105  106  101   86   75   71   41    0    0    0 
  0    0    0    0    0    0    0    0    0    0    0    0    0    0    0    0    0    0    0    0    0    0    0    0    0    0    0    0    0    0    0    0    0   79  101   65   87  118  136  139  145  151  152  152  152  148  147  148  145  136   87   72   66   66   67   98  112  116  119  120  107  108  113  117  125  129  126  124  122  111  110  108  106  112  117  128  130  129  122  127  125  112   99   94   94  102  109  103   93   72   79   91   93  114  108  116  115   87   79   85  133  152  150  150  151  152  149  137  122  104   98   95   85   72   72   59    0    0    0    0 
  0    0    0    0    0    0    0    0    0    0    0    0    0    0    0    0    0    0    0    0    0    0    0    0    0    0    0    0    0    0    0    0   28   89  104   60  109  126  136  142  145  151  153  153  153  150  148  148  126   67   79   85   74   69   72   73   78   95  136  143  121  115  116  109  113  114  114  115  113  106   99   96   93   98  111  121  119  115  116  119  115  105   93   91   95  102  100   96   81   85  101  103  111  126  118  121  108   77   80  109  146  151  150  150  151  148  139  122  106   95   90   86   75   72   61   28    0    0    0    0 
  0    0    0    0    0    0    0    0    0    0    0    0    0    0    0    0    0    0    0    0    0    0    0    0    0    0    0    0    0    0    0    0   33   66   85  107  111  123  136  141  144  150  150  151  152  150  146  123   68   92  101   85   70   90   98   96   88   88   88   97  123  152  150  128  109  104   98   96  101   99   98   94   91   91   98  106  108  109  113  112  107   98   90   90   98   99  102  103  105  126  122  117  128  132  122  118   91   70   90  123  146  147  147  147  146  137  118  103   91   85   84   75   73   58   38    0    0    0    0    0 
  0    0    0    0    0    0    0    0    0    0    0    0    0    0    0    0    0    0    0    0    0    0    0    0    0    0    0    0    0   34   65   77   88   90   90   96  109  121  130  134  141  147  146  145  149  150  132   71   87  107   82   72  102  124  123  116  113  108  107  104  107  110  124  147  132  110   97   85   94   96   94   91   92   89   87   91   95  102  105  101   93   88   80   90  101  118  123  131  134  139  131  127  131  128  119  104   76   70  106  139  142  142  141  139  133  115   94   85   79   81   72   69   53   34    0    0    0    0    0    0 
  0    0    0    0    0    0    0    0    0    0    0    0    0    0    0    0    0    0    0    0    0    0    0    0    0    0    0   34   71   92   98  106  105  104  103  105  110  117  124  126  132  143  144  142  146  145   87   82  108   79   83  107  133  138  121  123  134  134  129  126  122  125  121  122  129  136  144  151  139  108   92   86  102  102   89   84   83   86   88   84   84   85   89  122  128  144  146  141  136  134  126  124  126  120  104   84   60   86  120  135  136  134  132  123  102   88   73   74   76   68   62   49   24    0    0    0    0    0    0    0 
  0    0    0    0    0    0    0    0    0    0    0    0    0    0    0    0    0    0    0    0    0    0    0    0    0    0   47   74  109  117  119  121  119  119  118  117  120  123  125  130  131  140  146  145  147  118   70  104   79   89  111  131  140  118  113  137  145  145  142  139  135  136  136  133  133  135  136  141  140  144  147  150  137  118  104   88   81   79   77   79  110  105  134  147  150  150  147  143  136  132  125  123  117   97   83   63   66   96  120  129  128  123  115  105   88   70   69   70   61   51   40    9    0    0    0    0    0    0    0    0 
  0    0    0    0    0    0    0    0    0    0    0    0    0    0    0    0    0    0    0    0    0    0    0    0    0   26   67  104  126  125  127  134  133  132  129  129  133  135  137  141  136  141  145  145   59   79   96   98   84  109  129  130  118  111  133  146  150  148  146  143  142  141  141  143  142  143  141  140  141  142  144  145  144  148  151  152  151  148  148  147  142  152  151  151  151  151  149  143  135  127  125  121   99   71   62   58   79  107  121  121  118  111  100   83   69   62   59   52   35   28    0    0    0    0    0    0    0    0    0    0 
  0    0    0    0    0    0    0    0    0    0    0    0    0    0    0    0    0    0    0    0    0    0    0    0   96   66   75  120  123  122  136  143  143  142  138  136  139  143  146  146  144  144  144  140  120   81  105   72  105  128  135  117  119  139  148  152  151  147  146  145  143  143  143  144  144  146  146  146  145  145  145  145  145  147  150  151  151  151  152  151  151  152  152  152  151  150  148  141  130  123  124  103   75   45   51   70   93  108  114  112  105   93   77   64   54   47   35   24    8    0    0    0    0    0    0    0    0    0    0    0 
  0    0    0    0    0    0    0    0    0    0    0    0    0    0    0    0    0    0    0    0    0    0    0   98  107   72  103  120  116  131  145  149  148  146  143  138  141  146  148  146  145  146  143  141   98   91  101   81  115  136  127  117  140  149  153  153  151  146  145  145  142  142  143  143  144  144  145  144  145  146  146  146  145  147  149  149  150  151  151  151  151  151  150  150  149  147  143  136  124  124  111   87   50   42   62   77   86   92   99   98   82   67   55   44   33   24    8    0    0    0    0    0    0    0    0    0    0    0    0    0 
  0    0    0    0    0    0    0    0    0    0    0    0    0    0    0    0    0    0    0    0    0    0   92  109   61   64  112  114  122  140  150  153  152  149  144  140  143  147  148  143  145  144  143  144   89   93   95   85  116  135  118  126  147  151  153  152  150  147  145  143  141  141  144  144  142  143  145  145  146  146  146  145  145  147  149  148  150  151  151  150  150  150  148  148  148  146  141  130  121  118   75   53   27   44   59   65   68   79   79   64   52   41   30   19    9    0    0    0    0    0    0    0    0    0    0    0    0    0    0    0 
  0    0    0    0    0    0    0    0    0    0    0    0    0    0    0    0    0    0    0    0    0    0  104  108   73   87  112  114  130  145  149  151  151  149  146  145  145  149  148  145  145  140  146  148   93   97   92   86  116  131  112  132  148  150  152  152  150  147  146  141  139  141  145  145  144  144  146  147  147  146  147  146  145  147  149  149  150  151  150  151  150  149  149  149  149  143  135  116  106   85   45   18   27   41   46   51   60   58   44   38   29   18    7    0    0    0    0    0    0    0    0    0    0    0    0    0    0    0    0    0 
  0    0    0    0    0    0    0    0    0    0    0    0    0    0    0    0    0    0    0    0    0    0  104   97   68   99  110  114  133  140  141  144  142  140  144  143  147  149  148  145  142  138  143  151   98   96   88   88   96  118  115  120  137  137  136  142  141  136  140  131  131  133  140  143  136  143  144  141  146  144  146  146  143  143  147  148  149  148  151  152  143  143  149  150  138  123  111   87   64   35   12   13   34   40   41   40   37   29   20   12   14    0    0    0    0    0    0    0    0    0    0    0    0    0    0    0    0    0    0    0 
  0    0    0    0    0    0    0    0    0    0    0    0    0    0    0    0    0    0    0    0    0   63   99   92   43   78   89   90   99  105  100   95   94   93   87  100   72   74   70   77   92   80   90  100   95   67   60   59   61   72   68   78   76   81   76   74   78   73   74   84   84   93   86   89   89   88   92   94   94  101   93   89   97  101   88   96  102  109   67   79   96   99   67   68   69   60   46   29   11    5   16   28   29   28   24   15   13   11    1    0    0    0    0    0    0    0    0    0    0    0    0    0    0    0    0    0    0    0    0    0 
  0    0    0    0    0    0    0    0    0    0    0    0    0    0    0    0    0    0    0    0    0    0    0   26   28   31    0    0    0    0    0    0    0    0    0    0    0    4    8   10   11   13    4    0    0    0    0    0    0    2    4   11   59   60   61   67   65   65   67   63   71   62   56   45   48   42   34   37   28   34   35   18   21   22   26    0    0    7    0   15   11   22   21   24   27    0    0    0    0    0    0    0    0    0    0    0    0    0    0    0    0    0    0    0    0    0    0    0    0    0    0    0    0    0    0    0    0    0    0    0 
  0    0    0    0    0    0    0    0    0    0    0    0    0    0    0    0    0    0    0    0    0    0    0    0    0    0    0    0    0    0    0    0    0    0    0    0    0    0    0    0    0    0    0    0    0    0    0    0    0    0    0    0    0    0    0    0    0    0    0    0    0    0    0    0    0    0    0    0    0    0    0    0    0    0    0    0    0    0    0    0    0    0    0    0    0    0    0    0    0    0    0    0    0    0    0    0    0    0    0    0    0    0    0    0    0    0    0    0    0    0    0    0    0    0    0    0    0    0    0    0 
  0    0    0    0    0    0    0    0    0    0    0    0    0    0    0    0    0    0    0    0    0    0    0    0    0    0    0    0    0    0    0    0    0    0    0    0    0    0    0    0    0    0    0    0    0    0    0    0    0    0    0    0    0    0    0    0    0    0    0    0    0    0    0    0    0    0    0    0    0    0    0    0    0    0    0    0    0    0    0    0    0    0    0    0    0    0    0    0    0    0    0    0    0    0    0    0    0    0    0    0    0    0    0    0    0    0    0    0    0    0    0    0    0    0    0    0    0    0    0    0 
  0    0    0    0    0    0    0    0    0    0    0    0    0    0    0    0    0    0    0    0    0    0    0    0    0    0    0    0    0    0    0    0    0    0    0    0    0    0    0    0    0    0    0    0    0    0    0    0    0    0    0    0    0    0    0    0    0    0    0    0    0    0    0    0    0    0    0    0    0    0    0    0    0    0    0    0    0    0    0    0    0    0    0    0    0    0    0    0    0    0    0    0    0    0    0    0    0    0    0    0    0    0    0    0    0    0    0    0    0    0    0    0    0    0    0    0    0    0    0    0 
  0    0    0    0    0    0    0    0    0    0    0    0    0    0    0    0    0    0    0    0    0    0    0    0    0    0    0    0    0    0    0    0    0    0    0    0    0    0    0    0    0    0    0    0    0    0    0    0    0    0    0    0    0    0    0    0    0    0    0    0    0    0    0    0    0    0    0    0    0    0    0    0    0    0    0    0    0    0    0    0    0    0    0    0    0    0    0    0    0    0    0    0    0    0    0    0    0    0    0    0    0    0    0    0    0    0    0    0    0    0    0    0    0    0    0    0    0    0    0    0 
  0    0    0    0    0    0    0    0    0    0    0    0    0    0    0    0    0    0    0    0    0    0    0    0    0    0    0    0    0    0    0    0    0    0    0    0    0    0    0    0    0    0    0    0    0    0    0    0    0    0    0    0    0    0    0    0    0    0    0    0    0    0    0    0    0    0    0    0    0    0    0    0    0    0    0    0    0    0    0    0    0    0    0    0    0    0    0    0    0    0    0    0    0    0    0    0    0    0    0    0    0    0    0    0    0    0    0    0    0    0    0    0    0    0    0    0    0    0    0    0 
  0    0    0    0    0    0    0    0    0    0    0    0    0    0    0    0    0    0    0    0    0    0    0    0    0    0    0    0    0    0    0    0    0    0    0    0    0    0    0    0    0    0    0    0    0    0    0    0    0    0    0    0    0    0    0    0    0    0    0    0    0    0    0    0    0    0    0    0    0    0    0    0    0    0    0    0    0    0    0    0    0    0    0    0    0    0    0    0    0    0    0    0    0    0    0    0    0    0    0    0    0    0    0    0    0    0    0    0    0    0    0    0    0    0    0    0    0    0    0    0 
