0  0  0  0  0  0  0  0  0  0  0  0  0  0  0  0  0  0  0  0  0  0  0  0  0  0  0  0  0  0  0  0  0  0  0  0  0  0  0  0  0  0  0  0  0  0  0  0  0  0  0  0  0  0  0  0  0  0  0  0  0  0  0  0  0  0  0  0  0  0  0  0  0  0  0  0  0  0  0  0  0  0  0  0  0  0  0  0  0  0  0  0  0  0  0  0  0  0  0  0  0  0  0  0  0  0  0  0  0  0  0  0  0  0  0  0  0  0  0  0  0  0  0  0  0  0  0  0  0  0  0  0  0  0  0  0  0  0  0  0  0  0  0  0  0  0  0  0  0  0  0  0  0  0  0  0  0  0  0  0  0  0  0  0  0  0  0  0  0  0  0  0  0  0  0  0  0  0  0  0  0  0  0  0  0  0  0  0  0  0  0  0  0  0  0  0 
0  0  0  0  0  0  0  0  0  0  0  0  0  0  0  0  0  0  0  0  0  0  0  0  0  0  0  0  0  0  0  0  0  0  0  0  0  0  0  0  0  0  0  0  0  0  0  0  0  0  0  0  0  0  0  0  0  0  0  0  0  0  0  0  0  0  0  0  0  0  0  0  0  0  0  0  0  0  0  0  0  0  0  0  0  0  0  0  0  0  0  0  0  0  0  0  0  0  0  0  0  0  0  0  0  0  0  0  0  0  0  0  0  0  0  0  0  0  0  0  0  0  0  0  0  0  0  0  0  0  0  0  0  0  0  0  0  0  0  0  0  0  0  0  0  0  0  0  0  0  0  0  0  0  0  0  0  0  0  0  0  0  0  0  0  0  0  0  0  0  0  0  0  0  0  0  0  0  0  0  0  0  0  0  0  0  0  0  0  0  0  0  0  0  0  0 
0  0  0  0  0  0  0  0  0  0  0  0  0  0  0  0  0  0  0  0  0  0  0  0  0  0  0  0  0  0  0  0  0  0  0  0  0  0  0  0  0  0  0  0  0  0  0  0  0  0  0  0  0  0  0  0  0  0  0  0  0  0  0  0  0  0  0  0  0  0  0  0  0  0  0  0  0  0  0  0  0  0  0  0  0  0  0  0  0  0  0  0  0  0  0  0  0  0  0  0  0  0  0  0  0  0  0  0  0  0  0  0  0  0  0  0  0  0  0  0  0  0  0  0  0  0  0  0  0  0  0  0  0  0  0  0  0  0  0  0  0  0  0  0  0  0  0  0  0  0  0  0  0  0  0  0  0  0  0  0  0  0  0  0  0  0  0  0  0  0  0  0  0  0  0  0  0  0  0  0  0  0  0  0  0  0  0  0  0  0  0  0  0  0  0  0 
0  0  0  0  0  0  0  0  0  0  0  0  0  0  0  0  0  0  0  0  0  0  0  0  0  0  0  0  0  0  0  0  0  0  0  0  0  0  0  0  0  0  0  0  0  0  0  0  0  0  0  0  0  0  0  0  0  0  0  0  0  0  0  0  0  0  0  0  0  0  0  0  0  0  0  0  0  0  0  0  0  0  0  0  0  0  0  0  0  0  0  0  0  0  0  0  0  0  0  0  0  0  0  0  0  0  0  0  0  0  0  0  0  0  0  0  0  0  0  0  0  0  0  0  0  0  0  0  0  0  0  0  0  0  0  0  0  0  0  0  0  0  0  0  0  0  0  0  0  0  0  0  0  0  0  0  0  0  0  0  0  0  0  0  0  0  0  0  0  0  0  0  0  0  0  0  0  0  0  0  0  0  0  0  0  0  0  0  0  0  0  0  0  0  0  0 
0  0  0  0  0  0  0  0  0  0  0  0  0  0  0  0  0  0  0  0  0  0  0  0  0  0  0  0  0  0  0  0  0  0  0  0  0  0  0  0  0  0  0  0  0  0  0  0  0  0  0  0  0  0  0  0  0  0  0  0  0  0  0  0  0  0  0  0  0  0  0  0  0  0  0  0  0  0  0  0  0  0  0  0  0  0  0  0  0  0  0  0  0  0  0  0  0  0  0  0  0  0  0  0  0  0  0  0  0  0  0  0  0  0  0  0  0  0  0  0  0  0  0  0  0  0  0  0  0  0  0  0  0  0  0  0  0  0  0  0  0  0  0  0  0  0  0  0  0  0  0  0  0  0  0  0  0  0  0  0  0  0  0  0  0  0  0  0  0  0  0  0  0  0  0  0  0  0  0  0  0  0  0  0  0  0  0  0  0  0  0  0  0  0  0  0 
0  0  0  0  0  0  0  0  0  0  0  0  0  0  0  0  0  0  0  0  0  0  0  0  0  0  0  0  0  0  0  0  0  0  0  0  0  0  0  0  0  0  0  0  0  0  0  0  0  0  0  0  0  0  0  0  0  0  0  0  0  0  0  0  0  0  0  0  0  0  0  0  0  0  0  0  0  0  0  0  0  0  0  0  0  0  0  0  0  0  0  0  0  0  0  0  0  0  0  0  0  0  0  0  0  0  0  0  0  0  0  0  0  0  0  0  0  0  0  0  0  0  0  0  0  0  0  0  0  0  0  0  0  0  0  0  0  0  0  0  0  0  0  0  0  0  0  0  0  0  0  0  0  0  0  0  0  0  0  0  0  0  0  0  0  0  0  0  0  0  0  0  0  0  0  0  0  0  0  0  0  0  0  0  0  0  0  0  0  0  0  0  0  0  0  0 
0  0  0  0  0  0  0  0  0  0  0  0  0  0  0  0  0  0  0  0  0  0  0  0  0  0  0  0  0  0  0  0  0  0  0  0  0  0  0  0  0  0  0  0  0  0  0  0  0  0  0  0  0  0  0  0  0  0  0  0  0  0  0  0  0  0  0  0  0  0  0  0  0  0  0  0  0  0  0  0  0  0  0  0  0  0  0  0  0  0  0  0  0  0  0  0  0  0  0  0  0  0  0  0  0  0  0  0  0  0  0  0  0  0  0  0  0  0  0  0  0  0  0  0  0  0  0  0  0  0  0  0  0  0  0  0  0  0  0  0  0  0  0  0  0  0  0  0  0  0  0  0  0  0  0  0  0  0  0  0  0  0  0  0  0  0  0  0  0  0  0  0  0  0  0  0  0  0  0  0  0  0  0  0  0  0  0  0  0  0  0  0  0  0  0  0 
0  0  0  0  0  0  0  0  0  0  0  0  0  0  0  0  0  0  0  0  0  0  0  0  0  0  0  0  0  0  0  0  0  0  0  0  0  0  0  0  0  0  0  0  0  0  0  0  0  0  0  0  0  0  0  0  0  0  0  0  0  0  0  0  0  0  0  0  0  0  0  0  0  0  0  0  0  0  0  0  0  0  0  0  0  0  0  0  0  0  0  62  95  0  0  0  0  0  0  0  0  0  0  0  0  0  0  0  0  0  0  0  0  0  0  0  0  0  0  0  0  0  0  0  0  0  0  0  0  0  0  0  0  0  0  0  0  0  0  0  0  0  0  0  0  0  0  0  0  0  0  0  0  0  0  0  0  0  0  0  0  0  0  0  0  0  0  0  0  0  0  0  0  0  0  0  0  0  0  0  0  0  0  0  0  0  0  0  0  0  0  0  0  0  0  0 
0  0  0  0  0  0  0  0  0  0  0  0  0  0  0  0  0  0  0  0  0  0  0  0  0  0  0  0  0  0  0  0  0  0  0  0  0  0  0  0  0  0  0  0  0  0  0  0  0  0  0  0  0  0  0  0  0  0  0  0  0  0  0  0  0  0  0  0  0  0  0  0  0  0  0  0  0  0  0  0  0  0  0  73  54  68  65  46  67  105  47  53  58  91  79  95  89  75  77  85  98  0  0  0  0  0  0  0  0  0  0  0  0  0  0  0  0  0  0  0  0  0  0  0  0  0  0  0  0  0  0  0  0  0  0  0  0  0  0  0  0  0  0  0  0  0  0  0  0  0  0  0  0  0  0  0  0  0  0  0  0  0  0  0  0  0  0  0  0  0  0  0  0  0  0  0  0  0  0  0  0  0  0  0  0  0  0  0  0  0  0  0  0  0  0  0 
0  0  0  0  0  0  0  0  0  0  0  0  0  0  0  0  0  0  0  0  0  0  0  0  0  0  0  0  0  0  0  0  0  0  0  0  0  0  0  0  0  0  0  0  0  0  0  0  0  0  0  0  0  0  0  0  0  0  0  0  0  0  0  0  0  0  0  0  0  0  0  0  0  0  0  0  0  0  0  0  0  0  67  53  83  46  43  51  62  94  43  84  62  103  48  63  87  72  80  81  77  101  0  0  0  0  0  0  0  0  0  0  0  0  0  0  0  0  0  0  0  0  0  0  0  0  0  0  0  0  0  0  0  0  0  0  0  0  0  0  0  0  0  0  0  0  0  0  0  0  0  0  0  0  0  0  0  0  0  0  0  0  0  0  0  0  0  0  0  0  0  0  0  0  0  0  0  0  0  0  0  0  0  0  0  0  0  0  0  0  0  0  0  0  0  0 
0  0  0  0  0  0  0  0  0  0  0  0  0  0  0  0  0  0  0  0  0  0  0  0  0  0  0  0  0  0  0  0  0  0  0  0  0  0  0  0  0  0  0  0  0  0  0  0  0  0  0  0  0  0  0  0  0  0  0  0  0  0  0  0  0  0  0  0  0  0  0  0  0  0  0  0  0  0  0  0  0  104  81  60  92  54  40  58  77  102  40  83  58  117  61  56  89  80  88  90  79  114  82  0  0  0  0  0  0  0  0  0  0  0  0  0  0  0  0  0  0  0  0  0  0  0  0  0  0  0  0  0  0  0  0  0  0  0  0  0  0  0  0  0  0  0  0  0  0  0  0  0  0  0  0  0  0  0  0  0  0  0  0  0  0  0  0  0  0  0  0  0  0  0  0  0  0  0  0  0  0  0  0  0  0  0  0  0  0  0  0  0  0  0  0  0 
0  0  0  0  0  0  0  0  0  0  0  0  0  0  0  0  0  0  0  0  0  0  0  0  0  0  0  0  0  0  0  0  0  0  0  0  0  0  0  0  0  0  0  0  0  0  0  0  0  0  0  0  0  0  0  0  0  0  0  0  0  0  0  0  0  0  0  0  0  0  0  0  0  0  0  0  0  0  0  0  0  0  64  92  39  87  77  42  62  85  47  61  66  81  85  60  89  73  85  91  96  99  0  0  0  0  0  0  0  0  0  0  0  0  0  0  0  0  0  0  0  0  0  0  0  0  0  0  0  0  0  0  0  0  0  0  0  0  0  0  0  0  0  0  0  0  0  0  0  0  0  0  0  0  0  0  0  0  0  0  0  0  0  0  0  0  0  0  0  0  0  0  0  0  0  0  0  0  0  0  0  0  0  0  0  0  0  0  0  0  0  0  0  0  0  0 
0  0  0  0  0  0  0  0  0  0  0  0  0  0  0  0  0  0  0  0  0  0  0  0  0  0  0  0  0  0  0  0  0  0  0  0  0  0  0  0  0  0  0  0  0  0  0  0  0  0  0  0  0  0  0  0  0  0  0  0  0  0  0  0  0  0  0  0  0  0  0  0  0  0  0  0  0  0  0  0  0  0  77  94  59  110  63  51  52  79  87  47  72  66  89  63  88  60  84  101  95  57  0  0  0  0  0  0  0  0  0  0  0  0  0  0  0  0  0  0  0  0  0  0  0  0  0  0  0  0  0  0  0  0  0  0  0  0  0  0  0  0  0  0  0  0  0  0  0  0  0  0  0  0  0  0  0  0  0  0  0  0  0  0  0  0  0  0  0  0  0  0  0  0  0  0  0  0  0  0  0  0  0  0  0  0  0  0  0  0  0  0  0  0  0  0 
0  0  0  0  0  0  0  0  0  0  0  0  0  0  0  0  0  0  0  0  0  0  0  0  0  0  0  0  0  0  0  0  0  0  0  0  0  0  0  0  0  0  0  0  0  0  0  0  0  0  0  0  0  0  0  0  0  0  0  0  0  0  0  0  0  0  0  0  0  0  0  0  0  0  0  0  0  0  0  0  0  0  0  106  93  60  84  53  37  50  87  43  61  61  89  72  52  36  74  66  77  0  0  0  0  0  0  0  0  0  0  0  0  0  0  0  0  0  0  0  0  0  0  0  0  0  0  0  0  0  0  0  0  0  0  0  0  0  0  0  0  0  0  0  0  0  0  0  0  0  0  0  0  0  0  0  0  0  0  0  0  0  0  0  0  0  0  0  0  0  0  0  0  0  0  0  0  0  0  0  0  0  0  0  0  0  0  0  0  0  0  0  0  0  0  0 
0  0  0  0  0  0  0  0  0  0  0  0  0  0  0  0  0  0  0  0  0  0  0  0  0  0  0  0  0  0  0  0  0  0  0  0  0  0  0  0  0  0  0  0  0  0  0  0  0  0  0  0  0  0  0  0  0  0  0  0  0  0  0  0  0  0  0  0  0  0  0  0  0  0  0  0  0  0  0  0  0  0  0  0  86  88  44  93  36  34  64  79  44  83  82  87  38  66  73  85  0  0  0  0  0  0  0  0  0  0  0  0  0  0  0  0  0  0  0  0  0  0  0  0  0  0  0  0  0  0  0  0  0  0  0  0  0  0  0  0  0  0  0  0  0  0  0  0  0  0  0  0  0  0  0  0  0  0  0  0  0  0  0  0  0  0  0  0  0  0  0  0  0  0  0  0  0  0  0  0  0  0  0  0  0  0  0  0  0  0  0  0  0  0  0  0 
0  0  0  0  0  0  0  0  0  0  0  0  0  0  0  0  0  0  0  0  0  0  0  0  0  0  0  0  0  0  0  0  0  0  0  0  0  0  0  0  0  0  0  0  0  0  0  0  0  0  0  0  0  0  0  0  0  0  0  0  0  0  0  0  0  0  0  0  0  0  0  0  0  0  0  0  0  0  0  0  0  0  0  0  0  71  104  45  98  47  47  76  66  45  85  91  83  109  98  0  0  0  0  0  0  0  0  0  0  0  0  0  0  0  0  0  0  0  0  0  0  0  0  0  0  0  0  0  0  0  0  0  0  0  0  0  0  0  0  0  0  0  0  0  0  0  0  0  0  0  0  0  0  0  0  0  0  0  0  0  0  0  0  0  0  0  0  0  0  0  0  0  0  0  0  0  0  0  0  0  0  0  0  0  0  0  0  0  0  0  0  0  0  0  0  0 
0  0  0  0  0  0  0  0  0  0  0  0  0  0  0  0  0  0  0  0  0  0  0  0  0  0  0  0  0  0  0  0  0  0  0  0  0  0  0  0  0  0  0  0  0  0  0  0  0  0  0  0  0  0  0  0  0  0  0  0  0  0  0  0  0  0  0  0  0  0  0  0  0  0  0  0  0  0  0  0  0  0  0  0  0  0  80  87  69  99  37  63  64  51  55  87  103  57  0  0  0  0  0  0  0  0  0  0  0  0  0  0  0  0  0  0  0  0  0  0  0  0  0  0  0  0  0  0  0  0  0  0  0  0  0  0  0  0  0  0  0  0  0  0  0  0  0  0  0  0  0  0  0  0  0  0  0  0  0  0  0  0  0  0  0  0  0  0  0  0  0  0  0  0  0  0  0  0  0  0  0  0  0  0  0  0  0  0  0  0  0  0  0  0  0  0 
0  0  0  0  0  0  0  0  0  0  0  0  0  0  0  0  0  0  0  0  0  0  0  0  0  0  0  0  0  0  0  0  0  0  0  0  0  0  0  0  0  0  0  0  0  0  0  0  0  0  0  0  0  0  0  0  0  0  0  0  0  0  0  0  0  0  0  0  0  0  0  0  0  0  0  0  0  0  0  0  0  0  0  0  0  0  83  73  60  99  45  43  55  70  42  71  92  52  0  0  0  0  0  0  0  0  0  0  0  0  0  0  0  0  0  0  0  0  0  0  0  0  0  0  0  0  0  0  0  0  0  0  0  0  0  0  0  0  0  0  0  0  0  0  0  0  0  0  0  0  0  0  0  0  0  0  0  0  0  0  0  0  0  0  0  0  0  0  0  0  0  0  0  0  0  0  0  0  0  0  0  0  0  0  0  0  0  0  0  0  0  0  0  0  0  0 
0  0  0  0  0  0  0  0  0  0  0  0  0  0  0  0  0  0  0  0  0  0  0  0  0  0  0  0  0  0  0  0  0  0  0  0  0  0  0  0  0  0  0  0  0  0  0  0  0  0  0  0  0  0  0  0  0  0  0  0  0  0  0  0  0  0  0  0  0  0  0  0  0  0  0  0  0  0  0  0  0  0  0  0  0  0  0  71  102  64  78  46  55  64  65  43  49  0  0  0  0  0  0  0  0  0  0  0  0  0  0  0  0  0  0  0  0  0  0  0  0  0  0  0  0  0  0  0  0  0  0  0  0  0  0  0  0  0  0  0  0  0  0  0  0  0  0  0  0  0  0  0  0  0  0  0  0  0  0  0  0  0  0  0  0  0  0  0  0  0  0  0  0  0  0  0  0  0  0  0  0  0  0  0  0  0  0  0  0  0  0  0  0  0  0  0 
0  0  0  0  0  0  0  0  0  0  0  0  0  0  0  0  0  0  0  0  0  0  0  0  0  0  0  0  0  0  0  0  0  0  0  0  0  0  0  0  0  0  0  0  0  0  0  0  0  0  0  0  0  0  0  0  0  0  0  0  0  0  0  0  0  0  0  0  0  0  0  0  0  0  0  0  0  0  0  0  0  0  0  0  0  0  0  73  91  44  58  62  47  82  64  51  42  0  0  0  0  0  0  0  0  0  0  0  0  0  0  0  0  0  0  0  0  0  0  0  0  0  0  0  0  0  0  0  0  0  0  0  0  0  0  0  0  0  0  0  0  0  0  0  0  0  0  0  0  0  0  0  0  0  0  0  0  0  0  0  0  0  0  0  0  0  0  0  0  0  0  0  0  0  0  0  0  0  0  0  0  0  0  0  0  0  0  0  0  0  0  0  0  0  0  0 
0  0  0  0  0  0  0  0  0  0  0  0  0  0  0  0  0  0  0  0  0  0  0  0  0  0  0  0  0  0  0  0  0  0  0  0  0  0  0  0  0  0  0  0  0  0  0  0  0  0  0  0  0  0  0  0  0  0  0  0  0  0  0  0  0  0  0  0  0  0  0  0  0  0  0  0  0  0  0  0  0  0  0  0  0  0  110  95  40  85  62  53  59  58  60  72  92  93  0  0  0  0  0  0  0  0  0  0  0  0  0  0  0  0  0  0  0  0  0  0  0  0  0  0  0  0  0  0  0  0  0  0  0  0  0  0  0  0  0  0  0  0  0  0  0  0  0  0  0  0  0  0  0  0  0  0  0  0  0  0  0  0  0  0  0  0  0  0  0  0  0  0  0  0  0  0  0  0  0  0  0  0  0  0  0  0  0  0  0  0  0  0  0  0  0  0 
0  0  0  0  0  0  0  0  0  0  0  0  0  0  0  0  0  0  0  0  0  0  0  0  0  0  0  0  0  0  0  0  0  0  0  0  0  0  0  0  0  0  0  0  0  0  0  0  0  0  0  0  0  0  0  0  0  0  0  0  0  0  0  0  0  0  0  0  0  0  0  0  0  0  0  0  0  0  0  0  0  0  0  0  0  79  76  71  60  71  49  71  45  77  91  83  57  56  66  0  0  0  0  0  0  0  0  0  0  0  0  0  0  0  0  0  0  0  0  0  0  0  0  0  0  0  0  0  0  0  0  0  0  0  0  0  0  0  0  0  0  0  0  0  0  0  0  0  0  0  0  0  0  0  0  0  0  0  0  0  0  0  0  0  0  0  0  0  0  0  0  0  0  0  0  0  0  0  0  0  0  0  0  0  0  0  0  0  0  0  0  0  0  0  0  0 
0  0  0  0  0  0  0  0  0  0  0  0  0  0  0  0  0  0  0  0  0  0  0  0  0  0  0  0  0  0  0  0  0  0  0  0  0  0  0  0  0  0  0  0  0  0  0  0  0  0  0  0  0  0  0  0  0  0  0  0  0  0  0  0  0  0  0  0  0  0  0  0  0  0  0  0  0  0  0  0  0  0  0  81  43  77  76  46  67  61  50  71  73  80  92  75  59  83  98  91  93  0  0  0  0  0  0  0  0  0  0  0  0  0  0  0  0  0  0  0  0  0  0  0  0  0  0  0  0  0  0  0  0  0  0  0  0  0  0  0  0  0  0  0  0  0  0  0  0  0  0  0  0  0  0  0  0  0  0  0  0  0  0  0  0  0  0  0  0  0  0  0  0  0  0  0  0  0  0  0  0  0  0  0  0  0  0  0  0  0  0  0  0  0  0  0 
0  0  0  0  0  0  0  0  0  0  0  0  0  0  0  0  0  0  0  0  0  0  0  0  0  0  0  0  0  0  0  0  0  0  0  0  0  0  0  0  0  0  0  0  0  0  0  0  0  0  0  0  0  0  0  0  0  0  0  0  0  0  0  0  0  0  0  0  0  0  0  0  0  0  0  0  0  0  0  75  46  67  79  58  62  71  40  66  67  87  83  86  88  83  76  79  86  82  104  102  46  65  65  129  78  0  0  0  0  0  0  0  0  0  0  0  0  0  0  0  0  0  0  0  0  0  0  0  0  0  0  0  0  0  0  0  0  0  0  0  0  0  0  0  0  0  0  0  0  0  0  0  0  0  0  0  0  0  0  0  0  0  0  0  0  0  0  0  0  0  0  0  0  0  0  0  0  0  0  0  0  0  0  0  0  0  0  0  0  0  0  0  0  0  0  0 
0  0  0  0  0  0  0  0  0  0  0  0  0  0  0  0  0  0  0  0  0  0  0  0  0  0  0  0  0  0  0  0  0  0  0  0  0  0  0  0  0  0  0  0  0  0  0  0  0  0  0  0  0  0  0  0  0  0  0  0  0  0  0  0  0  0  0  0  0  0  0  0  0  104  52  62  67  78  54  54  88  55  60  85  78  84  76  105  98  85  60  52  75  92  101  76  90  108  106  98  94  61  60  76  80  96  86  112  88  76  94  0  0  0  0  0  0  0  0  0  0  0  0  0  0  0  0  0  0  0  0  0  0  0  0  0  0  0  0  0  0  0  0  0  0  0  0  0  0  0  0  0  0  0  0  0  0  0  0  0  0  0  0  0  0  0  0  0  0  0  0  0  0  0  0  0  0  0  0  0  0  0  0  0  0  0  0  0  0  0  0  0  0  0  0  0 
0  0  0  0  0  0  0  0  0  0  0  0  0  0  0  0  0  0  0  0  0  0  0  0  0  0  0  0  0  0  0  0  0  0  0  0  0  0  0  0  0  0  0  0  0  0  0  0  0  0  0  0  0  0  0  0  0  0  0  0  0  0  0  0  0  0  0  77  39  56  75  69  64  57  69  89  57  62  76  91  83  77  84  92  109  84  84  73  60  47  87  105  109  76  76  73  96  92  83  85  84  91  57  60  69  53  81  48  81  90  96  113  91  89  57  131  99  0  0  0  0  0  0  0  0  0  0  0  0  0  0  0  0  0  0  0  0  0  0  0  0  0  0  0  0  0  0  0  0  0  0  0  0  0  0  0  0  0  0  0  0  0  0  0  0  0  0  0  0  0  0  0  0  0  0  0  0  0  0  0  0  0  0  0  0  0  0  0  0  0  0  0  0  0  0  0 
0  0  0  0  0  0  0  0  0  0  0  0  0  0  0  0  0  0  0  0  0  0  0  0  0  0  0  0  0  0  0  0  0  0  0  0  0  0  0  0  0  0  0  0  0  0  0  0  0  0  0  0  0  74  43  69  63  74  77  71  56  52  69  56  66  73  64  94  49  58  69  76  95  59  73  82  83  85  110  103  86  81  68  68  68  48  73  110  115  104  68  79  79  82  72  96  95  88  86  87  87  89  83  101  51  72  76  73  54  68  89  64  50  79  115  108  75  94  119  129  96  75  47  62  77  86  113  121  110  102  78  0  0  0  0  0  0  0  0  0  0  0  0  0  0  0  0  0  0  0  0  0  0  0  0  0  0  0  0  0  0  0  0  0  0  0  0  0  0  0  0  0  0  0  0  0  0  0  0  0  0  0  0  0  0  0  0  0  0  0  0  0  0  0  0  0 
0  0  0  0  0  0  0  0  0  0  0  0  0  0  0  0  0  0  0  0  0  0  0  0  0  0  0  0  0  0  0  0  0  0  0  0  0  0  0  0  0  0  0  0  0  0  0  0  0  93  62  67  43  47  84  72  63  82  79  70  47  56  62  71  67  56  69  65  68  63  69  81  70  65  76  94  80  95  92  96  80  75  69  54  56  54  88  119  107  93  69  77  81  80  85  89  96  96  81  89  77  71  79  84  47  61  69  67  55  61  77  66  47  59  107  98  83  105  118  126  116  88  76  53  72  77  80  104  105  96  91  79  96  52  91  0  0  0  0  0  0  0  0  0  0  0  0  0  0  0  0  0  0  0  0  0  0  0  0  0  0  0  0  0  0  0  0  0  0  0  0  0  0  0  0  0  0  0  0  0  0  0  0  0  0  0  0  0  0  0  0  0  0  0  0  0 
0  0  0  0  0  0  0  0  0  0  0  0  0  0  0  0  0  0  0  0  0  0  0  0  0  0  0  0  0  0  0  0  0  0  0  0  0  0  0  0  0  0  0  0  0  0  0  0  92  79  58  70  55  53  70  72  64  87  63  54  41  59  76  61  72  73  74  90  57  60  65  73  72  90  70  86  86  86  105  95  56  47  58  50  50  66  89  102  96  97  74  75  85  72  66  86  92  92  77  89  77  76  78  61  62  48  60  59  53  57  87  68  51  55  101  107  84  98  110  122  127  96  80  64  67  75  72  75  102  120  117  80  89  67  55  78  0  0  0  0  0  0  0  0  0  0  0  0  0  0  0  0  0  0  0  0  0  0  0  0  0  0  0  0  0  0  0  0  0  0  0  0  0  0  0  0  59  53  41  47  48  47  49  48  47  48  48  48  47  46  45  42  46  59  12  0 
0  0  0  0  0  0  0  0  0  0  0  0  0  0  0  0  0  0  0  0  0  0  0  0  0  0  0  0  0  0  0  0  0  0  0  0  0  0  0  0  0  0  0  0  0  0  0  87  102  69  70  56  35  64  78  65  84  94  79  51  59  68  67  64  59  72  87  66  46  52  65  62  85  89  81  81  95  91  109  74  54  54  65  58  59  74  93  103  80  90  82  90  88  85  70  63  91  96  97  85  89  85  90  57  49  51  53  69  72  55  75  74  54  61  79  97  93  101  112  126  131  119  86  72  70  69  70  91  92  123  118  95  68  75  67  80  92  0  0  0  0  0  0  0  0  0  0  0  0  0  0  0  0  0  0  0  0  0  0  0  0  0  0  0  0  0  0  0  0  0  0  0  0  0  53  61  60  58  56  52  50  47  47  47  48  51  54  58  59  59  64  66  11  0  0  0 
0  0  0  0  0  0  0  0  0  0  0  0  0  0  0  0  0  0  0  0  0  0  0  0  0  0  0  0  0  0  0  0  0  0  0  0  0  0  0  0  0  0  0  0  0  0  0  88  75  48  79  54  51  63  85  71  85  82  77  60  65  81  63  74  59  67  79  61  57  61  86  76  90  97  88  98  102  88  115  76  52  63  61  57  77  84  101  82  84  81  74  65  77  88  76  76  96  92  88  80  91  89  72  48  49  40  48  62  51  56  78  85  41  49  86  83  97  89  95  126  127  111  82  75  71  74  88  65  89  101  125  114  63  126  85  55  81  0  0  0  0  0  0  0  0  0  0  0  0  0  0  0  0  0  0  0  0  0  0  0  0  0  0  0  0  0  0  0  0  0  0  0  0  49  65  65  60  60  58  57  56  57  57  57  60  61  63  63  65  51  16  0  0  0  0  0 
0  0  0  0  0  0  0  0  0  0  0  0  0  0  0  0  0  0  0  0  0  0  0  0  0  0  0  0  0  0  0  0  0  0  0  0  0  0  0  0  0  0  0  0  0  0  93  71  84  56  70  64  48  66  78  87  98  95  84  59  59  65  66  81  56  71  82  65  56  69  98  57  98  100  82  90  94  106  111  66  54  53  49  74  91  86  86  75  78  82  58  57  84  76  67  85  91  91  95  89  91  84  87  72  52  46  56  63  69  46  71  92  51  50  65  95  102  92  99  118  126  116  101  69  75  71  76  76  85  105  116  101  70  95  76  53  82  68  0  0  0  0  0  0  0  0  0  0  0  0  0  0  0  0  0  0  0  0  0  0  0  0  0  0  0  0  0  0  0  0  0  0  34  52  64  64  59  57  57  57  57  57  56  59  61  67  59  47  34  0  0  0  0  0  0  0 
0  0  0  0  0  0  0  0  0  0  0  0  0  0  0  0  0  0  0  0  0  0  0  0  0  0  0  0  0  0  0  0  0  0  0  0  0  0  0  0  0  0  0  0  0  0  96  81  50  92  68  35  60  89  106  96  112  94  68  59  52  54  70  70  70  79  67  72  60  70  88  70  101  89  89  86  94  108  100  70  46  54  67  77  80  89  88  65  77  88  45  64  68  74  82  84  91  97  90  91  88  85  87  73  57  53  49  53  64  60  71  75  58  40  64  76  106  97  89  102  121  128  121  91  72  57  76  77  79  100  104  103  99  85  98  97  47  90  0  0  0  0  0  0  0  0  0  0  0  0  0  0  0  0  0  0  0  0  0  0  0  0  0  0  0  0  0  0  0  0  0  35  32  43  52  60  67  65  65  67  64  61  58  47  39  33  34  17  0  0  0  0  0  0  0  0 
0  0  0  0  0  0  0  0  0  0  0  0  0  0  0  0  0  0  0  0  0  0  0  0  0  0  0  0  0  0  0  0  0  0  0  0  0  0  0  0  0  0  0  0  0  98  62  84  52  69  55  44  53  79  80  107  98  89  73  56  53  51  69  65  74  68  78  74  48  69  66  76  87  98  104  85  96  112  93  72  51  52  63  62  82  96  91  77  80  79  61  56  62  78  73  81  97  104  96  91  86  84  70  78  80  59  35  51  80  81  69  85  71  43  70  58  102  97  77  104  107  114  122  102  74  66  55  60  79  90  110  103  109  58  89  69  58  78  56  0  0  0  0  0  0  0  0  0  0  0  0  0  0  0  0  0  0  0  0  0  0  0  0  0  0  0  0  0  0  0  36  41  63  66  65  62  60  60  61  62  65  66  59  54  35  41  0  0  0  0  0  0  0  0  0  0 
0  0  0  0  0  0  0  0  0  0  0  0  0  0  0  0  0  0  0  0  0  0  0  0  0  0  0  0  0  0  0  0  0  0  0  0  0  0  0  0  0  0  0  0  0  127  88  43  66  70  47  44  52  65  92  100  94  77  72  54  46  60  59  75  76  72  64  70  69  73  67  72  75  89  91  78  101  113  91  55  57  69  65  66  77  92  76  76  84  70  46  54  68  52  61  78  87  79  75  86  89  78  72  70  76  64  38  64  90  72  74  79  67  35  41  74  103  94  78  84  99  106  124  126  85  68  47  51  88  80  107  104  97  93  105  87  70  50  77  0  0  0  0  0  0  0  0  0  0  0  0  0  0  0  0  0  0  0  0  0  0  0  0  0  0  0  0  0  0  40  34  48  48  46  42  41  41  42  44  48  47  47  41  32  9  0  0  0  0  0  0  0  0  0  0  0 
0  0  0  0  0  0  0  0  0  0  0  0  0  0  0  0  0  0  77  90  95  91  94  98  99  101  107  107  109  113  107  104  102  102  97  98  97  100  102  102  102  99  99  103  102  105  53  33  60  48  45  50  72  71  103  105  85  89  61  56  60  62  63  71  66  62  56  62  63  82  76  86  81  94  89  83  85  86  80  50  82  61  59  55  82  88  85  74  84  67  61  40  44  51  55  88  82  85  89  90  80  77  78  67  69  38  53  56  92  91  77  65  76  53  35  68  103  107  77  87  93  95  116  122  85  74  60  49  74  81  87  119  91  96  79  108  65  51  73  64  0  0  0  0  0  0  0  0  0  0  0  0  0  0  0  0  0  0  0  0  0  0  0  0  0  0  0  0  0  51  40  41  39  40  38  38  38  39  40  41  42  38  52  0  0  0  0  0  0  0  0  0  0  0  0  0 
0  0  0  0  0  0  0  0  0  0  0  0  81  87  91  92  95  95  94  92  93  93  93  93  95  96  97  99  100  103  105  104  102  102  98  96  94  89  88  91  93  94  95  98  99  75  56  64  66  53  43  44  65  86  125  91  84  77  49  54  59  81  62  62  63  52  79  58  66  80  69  78  79  76  65  92  74  98  67  59  76  66  50  74  80  86  82  73  65  55  53  40  52  58  51  66  76  81  98  85  74  92  75  73  54  46  42  50  81  98  72  75  63  48  45  77  111  99  79  91  111  90  110  117  97  90  67  35  64  82  88  106  92  84  78  95  81  63  93  67  0  0  0  0  0  0  0  0  0  0  0  0  0  0  0  0  0  0  0  0  0  0  0  0  0  0  0  0  45  34  34  34  33  36  36  37  35  34  34  33  32  36  0  0  0  0  0  0  0  0  0  0  0  0  0  0 
0  0  0  0  0  0  0  0  0  92  92  104  105  106  104  102  107  106  103  101  101  102  102  102  102  102  102  103  104  104  105  105  106  106  107  108  109  109  110  111  111  112  113  113  98  74  37  56  47  43  44  49  69  115  112  91  86  58  44  58  55  81  63  66  51  59  73  60  70  66  77  67  81  85  76  59  70  80  64  55  66  51  58  78  79  75  65  65  51  49  54  43  55  51  43  62  77  83  81  73  79  78  75  71  47  45  37  59  85  100  86  71  85  46  49  59  96  93  92  100  102  79  100  127  106  96  72  50  43  89  83  117  87  78  91  88  105  54  67  74  30  0  0  0  0  0  0  0  0  0  0  0  0  0  0  0  0  0  0  0  0  0  0  0  0  0  0  0  42  42  47  40  37  36  36  37  38  42  48  46  37  29  0  0  0  0  0  0  0  0  0  0  0  0  0  0 
0  0  0  0  0  0  0  91  115  117  114  109  109  105  101  100  102  103  106  109  110  109  109  109  110  110  110  109  108  107  108  108  107  107  106  107  106  105  105  105  105  103  104  112  70  79  46  50  60  45  54  47  95  124  106  94  92  59  39  58  71  71  71  67  54  61  59  45  60  72  71  54  71  78  73  57  78  85  55  41  69  56  57  79  84  100  73  70  70  65  64  54  47  39  52  71  73  75  77  68  73  77  79  70  60  60  49  69  89  96  102  89  86  69  45  61  74  79  101  93  88  81  99  129  111  100  67  53  64  82  75  115  115  91  84  74  91  64  64  104  70  0  0  0  0  0  0  0  0  0  0  0  0  0  0  0  0  0  0  0  0  0  0  0  0  0  0  52  43  58  48  43  42  41  42  43  46  52  64  46  48  0  0  0  0  0  0  0  0  0  0  0  0  0  0  0 
0  0  0  0  0  0  115  116  114  113  112  112  112  114  114  111  110  111  109  110  112  112  113  111  111  109  109  107  106  104  103  102  101  103  103  100  100  101  103  102  103  103  101  103  80  43  58  55  55  60  51  57  113  124  91  96  88  58  46  78  63  76  69  78  63  62  61  54  52  61  62  47  78  77  68  60  86  103  63  67  62  58  65  56  79  81  72  76  70  78  64  44  39  34  39  67  72  90  78  74  79  85  75  77  70  68  54  73  81  95  96  97  90  71  50  61  70  69  93  83  82  83  94  108  123  85  72  60  42  47  81  95  126  104  84  65  92  95  45  91  48  34  0  0  0  0  0  0  0  0  0  0  0  0  0  0  0  0  0  0  0  0  0  0  0  0  0  45  42  52  46  42  40  41  43  46  51  49  42  32  0  0  0  0  0  0  0  0  0  0  0  0  0  0  0  0 
0  0  0  0  94  101  108  99  97  95  97  97  95  93  94  98  100  94  98  97  97  98  98  100  100  99  102  103  104  103  103  102  102  103  97  100  100  97  97  97  97  97  112  58  59  59  47  62  59  56  35  87  105  105  77  92  82  77  63  69  74  76  74  73  60  57  48  52  57  73  52  43  70  68  84  76  93  87  62  63  70  51  51  65  77  83  65  78  67  71  60  46  40  33  40  57  69  85  83  86  69  87  72  84  77  70  48  55  70  101  88  100  98  74  43  56  66  59  79  95  69  92  91  107  117  88  77  56  52  35  85  95  114  114  100  77  75  101  64  79  95  57  0  0  0  0  0  0  0  0  0  0  0  0  0  0  0  0  0  0  0  0  0  0  0  0  0  35  52  57  64  64  63  64  61  59  52  52  34  25  0  0  0  0  0  0  0  0  0  0  0  0  0  0  0  0 
0  0  0  0  93  106  103  95  91  89  88  89  93  99  99  102  110  107  101  99  89  85  87  65  47  31  21  10  0  0  0  0  0  0  0  0  0  0  0  0  0  71  100  93  67  47  62  76  70  53  63  101  114  86  67  100  63  54  62  70  81  68  77  70  56  57  43  47  63  51  60  48  68  74  95  83  97  77  64  73  80  66  68  64  68  72  59  73  65  45  60  50  38  41  53  64  78  76  79  71  71  77  67  80  85  54  55  71  82  95  80  84  95  75  57  54  64  66  79  64  67  69  100  98  127  87  70  60  49  49  58  90  96  128  119  71  67  85  80  74  106  37  37  0  0  0  0  0  0  0  0  0  0  0  0  0  0  0  0  0  0  0  0  0  0  0  35  59  56  61  56  54  54  58  64  55  56  58  43  0  0  0  0  0  0  0  0  0  0  0  0  0  0  0  0  0 
0  0  0  81  87  94  92  90  88  89  92  96  90  89  80  78  54  15  0  0  0  0  0  0  0  0  0  0  0  0  0  0  0  0  0  0  0  0  0  0  0  98  87  74  57  68  69  72  72  51  89  103  88  89  79  97  60  48  66  61  77  72  69  62  49  50  46  65  63  54  66  65  76  78  94  92  100  75  45  58  64  70  67  66  57  65  76  75  66  50  48  58  33  49  49  62  68  76  78  77  72  77  89  77  84  44  47  74  96  107  64  82  95  80  87  54  80  71  75  75  73  70  100  115  119  92  64  75  51  54  51  75  103  113  116  101  54  70  114  60  89  86  74  0  0  0  0  0  0  0  0  0  0  0  0  0  0  0  0  0  0  0  0  0  0  0  47  64  80  80  75  73  75  79  86  66  64  47  0  0  0  0  0  0  0  0  0  0  0  0  0  0  0  0  0  0 
0  0  67  94  94  94  91  89  89  93  93  93  83  60  0  0  0  0  0  0  0  0  0  0  0  0  0  0  0  0  0  0  0  0  0  0  0  0  0  0  0  100  92  50  73  68  84  66  68  71  102  101  74  83  102  75  52  53  76  64  75  72  57  45  62  53  40  59  46  57  62  57  81  91  92  84  84  64  47  55  50  50  42  54  59  65  81  71  82  60  38  44  36  56  56  81  79  83  85  89  79  78  95  91  93  58  42  78  102  103  81  80  103  71  86  62  77  90  71  89  95  73  77  112  115  90  68  74  51  64  48  53  87  118  120  105  58  85  103  74  60  123  71  0  0  0  0  0  0  0  0  0  0  0  0  0  0  0  0  0  0  0  0  0  0  0  64  78  79  70  69  69  69  75  83  77  78  57  0  0  0  0  0  0  0  0  0  0  0  0  0  0  0  0  0  0 
0  0  81  92  101  97  96  95  98  96  90  78  20  0  0  0  0  0  0  0  0  0  0  0  0  0  0  0  0  0  0  0  0  0  0  0  0  0  0  0  98  99  64  59  60  80  80  60  65  83  119  91  90  84  104  57  40  71  87  69  79  76  50  52  58  51  52  65  56  63  70  70  78  98  97  85  72  65  50  56  62  43  39  56  57  73  91  84  81  61  48  51  39  42  51  69  69  78  72  79  79  79  87  83  86  53  59  87  94  114  101  92  109  89  90  82  92  74  66  79  82  65  78  108  116  101  70  72  56  66  50  54  85  103  109  105  60  54  71  72  63  97  50  58  0  0  0  0  0  0  0  0  0  0  0  0  0  0  0  0  0  0  0  0  0  38  65  67  58  64  64  64  60  59  67  74  59  18  0  0  0  0  0  0  0  0  0  0  0  0  0  0  0  0  0  0 
0  0  102  109  115  104  101  105  112  111  91  26  0  0  0  0  0  0  0  0  0  0  0  0  0  0  0  0  0  0  0  0  0  0  0  0  0  0  0  0  100  96  58  77  80  75  60  58  81  99  105  87  93  100  96  60  63  79  73  82  86  62  46  58  46  46  54  60  57  64  76  64  80  74  89  73  71  64  52  66  52  38  47  67  66  94  91  89  69  67  46  44  54  48  71  80  86  81  75  87  86  67  92  84  83  45  70  84  106  114  91  89  109  85  93  87  92  85  75  69  82  60  97  110  105  105  92  79  60  46  52  51  56  97  119  109  82  70  52  72  63  79  113  80  0  0  0  0  0  0  0  0  0  0  0  0  0  0  0  0  0  0  0  0  0  55  59  48  54  63  62  65  53  48  47  64  56  0  0  0  0  0  0  0  0  0  0  0  0  0  0  0  0  0  0  0 
0  0  96  99  99  97  96  98  98  100  79  0  0  0  0  0  0  0  0  0  0  0  0  0  0  0  0  0  0  0  0  0  0  0  0  0  0  0  0  84  95  65  61  91  81  68  43  57  96  118  112  99  91  72  74  53  70  80  78  90  73  61  40  44  45  39  55  65  73  79  74  53  60  78  83  82  80  67  57  64  43  47  39  64  77  83  85  86  77  72  48  59  49  61  64  83  81  72  82  70  79  65  67  74  77  63  70  75  92  120  89  84  97  85  94  101  76  72  80  58  79  69  87  91  100  99  105  87  77  52  45  44  42  104  101  108  82  69  56  66  75  50  80  45  46  0  0  0  0  0  0  0  0  0  0  0  0  0  0  0  0  0  0  0  45  72  53  47  63  66  65  63  50  44  56  68  38  0  0  0  0  0  0  0  0  0  0  0  0  0  0  0  0  0  0  0 
0  0  93  93  99  95  94  99  94  88  52  0  0  0  0  0  0  0  0  0  0  0  0  0  0  0  0  0  0  0  0  0  0  0  0  0  0  0  0  99  104  64  76  91  76  38  53  85  101  99  102  86  75  69  80  49  62  82  81  79  76  63  43  55  57  42  56  67  69  83  71  54  75  99  90  77  73  75  54  44  52  55  48  62  92  94  92  71  54  57  38  58  63  74  68  84  83  74  79  82  85  66  53  54  65  69  56  75  92  113  93  85  94  76  97  96  77  69  80  67  70  64  90  89  90  101  118  87  85  66  43  51  35  68  90  119  101  72  56  77  89  63  55  64  63  0  0  0  0  0  0  0  0  0  0  0  0  0  0  0  0  0  0  0  42  65  48  52  64  63  63  54  51  44  50  60  0  0  0  0  0  0  0  0  0  0  0  0  0  0  0  0  0  0  0  0 
0  0  89  91  94  96  95  97  92  89  52  0  0  0  0  0  0  0  0  0  0  0  0  0  0  0  0  0  0  0  0  0  0  0  0  0  0  0  59  108  94  86  73  67  72  41  59  85  102  104  98  85  68  83  72  63  65  80  73  74  70  62  55  75  70  52  62  74  74  82  79  63  86  91  84  76  72  74  52  57  55  63  44  63  69  84  77  69  60  53  38  54  64  78  76  88  89  78  81  88  90  66  52  42  62  55  70  81  100  93  96  76  77  75  91  82  92  56  70  69  78  63  81  93  92  102  122  91  87  72  58  48  42  59  95  105  112  89  64  60  72  81  71  115  34  51  0  0  0  0  0  0  0  0  0  0  0  0  0  0  0  0  0  0  51  40  53  65  75  72  73  61  51  39  42  60  0  0  0  0  0  0  0  0  0  0  0  0  0  0  0  0  0  0  0  0 
0  0  88  90  100  98  97  102  93  85  56  0  0  0  0  0  0  0  0  0  0  0  0  0  0  0  0  0  0  0  0  0  0  0  0  0  0  0  94  105  74  78  88  66  53  44  94  108  97  103  97  74  77  72  50  53  76  85  80  68  72  70  56  76  76  61  65  78  69  81  87  71  83  86  76  76  64  76  73  50  53  77  64  56  65  80  69  65  42  37  46  57  64  67  78  82  88  86  67  68  65  51  33  55  59  55  68  92  103  103  104  74  79  68  72  92  74  61  64  65  79  78  70  92  86  103  115  105  87  82  45  45  49  46  79  99  122  90  66  60  65  84  59  73  56  65  0  0  0  0  0  0  0  0  0  0  0  0  0  0  0  0  0  32  52  46  65  77  80  79  77  67  56  49  52  26  0  0  0  0  0  0  0  0  0  0  0  0  0  0  0  0  0  0  0  0 
0  0  83  77  81  84  85  83  78  81  57  0  0  0  0  0  0  0  0  0  0  0  0  0  0  0  0  0  0  0  0  0  0  0  0  0  0  0  110  76  85  64  82  50  39  68  99  96  103  110  89  75  77  41  44  69  110  85  76  74  67  64  65  58  67  51  47  68  79  106  84  54  75  97  93  79  69  79  90  67  55  81  80  74  74  80  73  57  37  46  43  49  71  63  77  86  82  73  64  64  55  38  34  54  76  60  77  88  110  90  87  88  81  68  70  72  87  60  62  67  64  78  76  84  77  95  98  105  86  69  55  48  36  43  76  98  113  102  60  74  54  91  64  62  86  56  0  0  0  0  0  0  0  0  0  0  0  0  0  0  0  0  0  63  41  66  77  75  73  74  80  70  48  44  61  0  0  0  0  0  0  0  0  0  0  0  0  0  0  0  0  0  0  0  0  0 
0  0  84  81  93  96  96  94  86  80  75  0  0  0  0  0  0  0  0  0  0  0  0  0  0  0  0  0  0  0  0  0  0  0  0  0  0  89  107  77  76  70  65  65  38  82  102  98  111  99  89  74  58  59  64  96  104  102  98  63  59  55  88  63  64  62  52  55  77  100  85  70  65  89  80  65  88  81  104  92  69  72  70  69  79  86  59  56  62  55  48  64  73  57  65  76  80  83  69  68  62  40  39  54  74  77  83  89  97  106  83  94  84  75  81  78  75  62  67  67  72  66  74  84  76  66  88  90  86  68  56  50  41  37  45  99  111  95  89  59  62  84  64  71  106  56  38  0  0  0  0  0  0  0  0  0  0  0  0  0  0  0  37  44  54  66  68  71  69  70  66  61  50  41  68  0  0  0  0  0  0  0  0  0  0  0  0  0  0  0  0  0  0  0  0  0 
0  0  79  96  102  99  101  100  101  97  88  0  0  0  0  0  0  0  0  0  0  0  0  0  0  0  0  0  0  0  0  0  0  0  0  0  0  81  91  90  65  65  60  55  57  88  102  110  105  109  80  71  61  59  82  92  98  113  85  63  60  86  88  70  56  56  54  55  90  91  78  76  77  73  57  79  93  97  102  91  87  80  78  80  80  71  61  56  56  59  65  64  63  60  66  70  76  64  62  53  51  54  44  54  79  90  70  93  101  107  104  105  95  71  75  75  72  77  87  65  74  60  69  78  84  69  84  103  93  77  53  54  61  43  49  76  115  91  96  63  53  59  68  49  82  94  43  0  0  0  0  0  0  0  0  0  0  0  0  0  0  45  65  53  76  71  71  74  70  70  73  73  55  62  43  0  0  0  0  0  0  0  0  0  0  0  0  0  0  0  0  0  0  0  0  0 
0  0  70  100  94  91  92  91  93  98  95  47  0  0  0  0  0  0  0  0  0  0  0  0  0  0  0  0  0  0  0  0  0  0  0  0  46  92  88  72  61  85  58  55  76  89  98  106  83  88  77  63  59  57  78  84  95  112  93  64  73  96  86  72  66  65  67  70  67  72  84  77  61  63  77  91  100  104  108  96  81  91  71  85  69  69  64  59  59  76  65  43  61  69  61  85  60  61  66  54  54  56  51  51  67  83  84  80  99  99  111  99  97  73  61  85  51  92  95  70  78  62  53  71  75  82  84  93  85  76  60  47  52  55  57  81  93  96  94  79  54  62  81  60  56  82  53  54  0  0  0  0  0  0  0  0  0  0  0  0  53  69  58  69  71  74  86  81  79  71  74  71  52  62  0  0  0  0  0  0  0  0  0  0  0  0  0  0  0  0  0  0  0  0  0  0 
0  0  0  98  102  104  110  109  109  100  101  66  0  0  0  0  0  0  0  0  0  0  0  0  0  0  0  0  0  0  0  0  0  0  0  0  104  95  87  55  81  77  62  59  65  84  105  81  91  80  81  71  62  78  74  85  79  88  69  69  80  92  74  63  53  76  71  74  83  75  89  85  80  59  79  97  102  110  112  92  83  90  103  76  76  69  64  51  60  69  58  52  59  49  55  88  64  60  66  55  53  52  43  57  67  71  76  89  95  99  117  84  99  95  61  70  62  96  99  71  81  76  58  51  89  81  79  93  106  74  40  51  61  45  67  77  70  105  104  75  65  63  58  57  69  89  71  84  0  0  0  0  0  0  0  0  0  0  0  41  67  54  57  93  93  91  93  91  94  93  85  59  56  68  0  0  0  0  0  0  0  0  0  0  0  0  0  0  0  0  0  0  0  0  0  0 
0  0  0  90  104  111  107  109  108  107  105  87  0  0  0  0  0  0  0  0  0  0  0  0  0  0  0  0  0  0  0  0  0  0  0  0  89  106  88  64  73  74  58  65  73  96  111  83  89  81  77  62  56  71  78  84  110  103  68  66  79  97  68  71  60  66  68  73  70  75  82  73  60  64  75  90  101  112  103  94  87  82  77  80  66  72  64  59  54  65  62  51  53  68  73  71  61  56  48  52  59  55  49  49  75  83  79  82  99  101  112  106  97  84  60  89  63  96  101  76  75  60  55  59  69  83  86  89  81  82  62  61  46  49  53  76  65  123  94  97  70  61  73  72  66  80  99  36  0  0  0  0  0  0  0  0  0  0  39  67  56  67  87  87  86  92  89  88  87  86  80  59  62  51  0  0  0  0  0  0  0  0  0  0  0  0  0  0  0  0  0  0  0  0  0  0 
0  0  0  66  107  99  94  95  94  97  101  95  43  0  0  0  0  0  0  0  0  0  0  0  0  0  0  0  0  0  0  0  0  0  0  41  96  81  88  54  70  62  59  69  88  101  110  95  98  83  69  61  58  85  95  99  113  88  63  61  80  90  70  57  55  58  49  82  100  81  81  73  81  68  69  77  98  100  88  90  85  83  80  81  79  65  56  55  56  65  61  61  61  61  67  65  55  52  58  62  56  51  45  45  72  92  77  88  102  100  111  107  93  75  65  75  77  75  89  73  65  57  64  75  69  83  75  86  92  94  70  51  58  61  44  53  77  115  89  89  67  55  56  80  75  49  89  48  43  0  0  0  0  0  0  0  0  41  60  63  86  75  81  87  91  95  92  92  82  71  81  65  59  29  0  0  0  0  0  0  0  0  0  0  0  0  0  0  0  0  0  0  0  0  0  0 
0  0  0  26  91  98  100  96  96  99  102  92  84  0  0  0  0  0  0  0  0  0  0  0  0  0  0  0  0  0  0  0  0  0  0  85  99  85  81  62  62  72  34  83  97  94  114  109  91  81  56  58  60  85  112  101  103  84  63  56  71  85  64  61  57  52  56  81  98  79  68  66  92  88  69  88  81  98  96  76  76  68  73  71  86  70  57  53  52  51  44  68  65  60  62  81  83  71  46  47  56  43  41  51  67  70  83  83  95  108  99  91  95  83  67  88  75  71  60  66  62  66  66  76  85  78  65  89  88  88  79  48  60  50  36  39  76  108  106  89  75  59  77  93  59  75  107  53  81  0  0  0  0  0  51  44  56  60  57  60  87  87  88  92  93  90  89  89  86  70  62  58  53  0  0  0  0  0  0  0  0  0  0  0  0  0  0  0  0  0  0  0  0  0  0  0 
0  0  0  0  79  77  89  92  98  94  93  79  81  54  0  0  0  0  0  0  0  0  0  0  0  0  0  0  0  0  0  0  0  0  0  90  88  82  60  77  55  44  56  93  110  96  118  99  82  78  70  45  37  71  112  86  80  74  68  66  65  62  71  56  48  55  77  80  101  72  63  83  101  89  75  69  74  86  61  54  88  84  71  61  81  71  67  45  37  47  44  66  71  69  75  84  84  77  58  50  51  40  37  43  65  63  63  78  93  94  88  87  86  84  62  72  73  82  67  58  65  68  71  80  87  80  93  92  110  93  83  69  51  46  36  43  64  93  106  112  82  62  56  69  72  69  65  78  49  0  0  0  43  65  50  66  77  69  64  71  75  81  83  85  84  81  81  76  66  67  77  49  60  0  0  0  0  0  0  0  0  0  0  0  0  0  0  0  0  0  0  0  0  0  0  0 
0  0  0  0  37  80  77  80  83  84  83  76  81  74  0  0  0  0  0  0  0  0  0  0  0  0  0  0  0  0  0  0  0  0  54  117  70  80  67  76  66  52  55  102  118  101  105  98  76  68  74  56  56  61  82  86  71  77  70  63  59  79  77  62  65  79  68  75  88  66  77  85  85  80  77  69  73  65  58  54  72  59  60  64  79  75  75  48  38  47  45  59  63  77  79  73  75  76  76  65  61  55  42  49  60  62  58  76  92  102  102  106  71  83  75  78  83  86  72  53  73  77  83  73  84  86  90  103  115  107  79  84  48  50  55  32  62  85  111  115  77  65  58  57  82  63  63  99  40  45  37  60  67  72  73  81  82  89  81  79  76  75  76  75  74  75  80  86  82  74  67  39  25  0  0  0  0  0  0  0  0  0  0  0  0  0  0  0  0  0  0  0  0  0  0  0 
0  0  0  0  0  80  85  107  103  103  101  105  102  80  63  0  0  0  0  0  0  0  0  0  0  0  0  0  0  0  0  0  0  0  87  106  83  86  78  73  74  47  37  90  99  102  100  92  73  83  77  70  61  63  78  76  82  68  69  58  63  72  65  58  65  72  77  87  76  62  89  93  91  71  80  68  60  52  55  51  58  49  71  76  81  78  71  60  61  36  46  61  60  78  74  82  86  80  82  77  77  73  55  44  52  54  60  68  84  98  101  96  76  81  77  87  83  93  104  59  76  68  80  61  81  91  91  102  103  118  79  91  60  53  45  40  56  91  102  114  85  81  74  65  70  88  67  102  54  85  86  82  80  84  85  77  76  76  77  75  76  74  74  75  76  77  79  88  84  94  52  40  0  0  0  0  0  0  0  0  0  0  0  0  0  0  0  0  0  0  0  0  0  0  0  0 
0  0  0  0  0  23  87  94  95  93  94  94  95  93  86  0  0  0  0  0  0  0  0  0  0  0  0  0  0  0  0  0  0  0  116  96  82  84  81  77  72  49  62  96  108  99  106  90  76  72  79  52  64  75  76  85  59  80  57  44  54  56  43  49  65  66  75  64  70  59  85  95  86  79  75  70  56  53  52  54  53  44  72  93  100  92  67  60  59  45  50  62  60  73  73  77  81  81  76  74  77  68  58  54  57  59  74  65  72  92  119  92  90  102  85  86  94  98  77  69  83  68  69  60  84  85  104  106  99  119  82  87  64  50  38  47  61  74  113  116  99  86  61  79  66  80  55  79  51  61  68  66  67  70  68  66  66  67  66  64  65  66  66  67  69  69  69  74  89  80  59  49  0  0  0  0  0  0  0  0  0  0  0  0  0  0  0  0  0  0  0  0  0  0  0  0 
0  0  0  0  0  0  91  96  103  96  93  92  96  101  94  91  0  0  0  0  0  0  0  0  0  0  0  0  0  0  0  0  0  0  94  99  74  75  81  75  54  46  63  92  112  101  96  95  80  75  67  52  74  77  75  89  73  70  34  42  46  43  37  57  64  72  77  77  62  54  66  81  85  75  77  65  57  63  49  39  46  61  65  77  86  79  86  75  69  51  45  46  39  58  72  84  80  85  78  70  86  74  71  82  73  74  59  73  78  91  117  97  83  95  96  77  94  101  78  71  82  67  68  80  68  94  90  102  101  106  90  64  65  43  38  42  40  95  97  115  91  86  63  67  86  81  60  66  71  63  54  53  52  51  52  51  53  53  52  53  54  54  58  63  72  77  80  81  95  75  42  19  0  0  0  0  0  0  0  0  0  0  0  0  0  0  0  0  0  0  0  0  0  0  0  0 
0  0  0  0  0  0  0  105  106  103  103  106  103  105  102  113  84  0  0  0  0  0  0  0  0  0  0  0  0  0  0  0  0  76  84  90  63  89  79  73  71  58  72  89  113  99  89  91  98  99  74  56  71  84  77  79  85  56  46  55  53  44  50  60  58  60  71  74  62  85  74  84  76  70  72  57  57  66  52  40  46  65  66  78  88  99  86  69  64  47  44  50  51  56  75  82  79  85  78  80  93  73  78  83  91  77  47  70  85  100  120  104  87  90  101  81  92  92  82  80  79  74  76  79  58  95  92  115  97  85  89  77  59  43  50  45  35  89  97  119  102  89  65  54  65  80  71  70  106  64  68  66  62  58  57  58  59  62  56  52  53  54  56  58  58  66  70  72  71  72  56  0  0  0  0  0  0  0  0  0  0  0  0  0  0  0  0  0  0  0  0  0  0  0  0  0 
0  0  0  0  0  0  0  21  105  100  97  90  91  90  94  99  105  87  0  0  0  0  0  0  0  0  0  0  0  0  0  0  0  94  90  76  66  81  76  78  62  54  69  82  117  99  96  91  101  87  58  47  71  84  68  76  80  64  44  64  57  50  52  60  55  57  63  70  70  84  95  100  90  78  64  56  46  57  60  40  41  56  50  67  82  88  84  77  57  43  45  40  43  47  46  65  70  83  72  80  79  59  86  88  85  85  56  46  76  99  109  98  96  95  108  89  81  86  87  82  71  62  77  85  63  72  86  113  116  102  79  68  66  48  63  50  55  79  98  113  120  87  66  46  66  72  65  90  103  51  69  68  71  74  75  76  77  80  78  78  77  76  76  72  68  61  66  70  83  65  59  0  0  0  0  0  0  0  0  0  0  0  0  0  0  0  0  0  0  0  0  0  0  0  0  0 
0  0  0  0  0  0  0  0  87  101  98  96  96  97  96  98  99  92  78  0  0  0  0  0  0  0  0  0  0  0  0  0  0  125  105  69  65  78  73  78  55  66  70  81  106  95  74  84  103  81  55  44  71  67  60  81  71  58  49  61  59  42  49  62  47  56  62  60  84  82  91  92  85  85  69  46  54  55  49  49  54  55  57  63  76  83  76  71  60  41  42  33  46  44  41  66  74  90  80  88  84  72  88  93  88  89  61  38  69  77  106  103  78  78  100  83  95  72  61  79  89  68  82  105  78  70  82  113  116  109  77  65  73  52  66  53  61  74  86  106  116  105  68  56  71  100  69  63  98  60  93  102  98  90  80  74  68  63  60  62  64  67  77  81  83  80  63  64  70  62  0  0  0  0  0  0  0  0  0  0  0  0  0  0  0  0  0  0  0  0  0  0  0  0  0  0 
0  0  0  0  0  0  0  0  0  89  101  92  90  84  84  85  90  98  94  73  0  0  0  0  0  0  0  0  0  0  0  0  0  106  91  73  65  73  68  83  63  63  63  101  108  98  88  66  106  82  51  48  65  64  69  80  72  67  52  53  50  45  60  73  53  65  65  67  75  73  91  109  89  96  65  44  59  61  72  71  80  59  63  70  75  85  67  58  41  53  53  35  44  42  50  61  69  88  74  71  70  74  82  92  73  88  49  44  61  85  101  106  65  75  99  83  84  76  54  74  79  72  76  77  68  71  93  110  122  110  92  62  78  52  62  44  50  78  101  123  117  115  79  52  70  102  58  62  82  68  73  74  72  68  66  64  62  61  60  62  75  86  87  83  77  69  65  77  65  64  0  0  0  0  0  0  0  0  0  0  0  0  0  0  0  0  0  0  0  0  0  0  0  0  0  0 
0  0  0  0  0  0  0  0  0  0  83  96  92  84  80  80  82  87  97  89  81  0  0  0  0  0  0  0  0  0  0  0  0  102  82  63  53  59  66  75  71  66  62  99  111  105  79  74  99  72  54  47  69  68  85  65  77  70  59  55  55  45  47  63  56  71  49  64  68  80  95  81  91  92  55  68  81  79  65  59  63  60  75  72  54  75  70  52  45  58  43  37  38  49  54  62  76  80  75  76  73  70  70  64  79  89  57  54  65  74  90  94  79  81  94  86  74  57  51  62  59  78  76  63  69  60  88  109  108  124  89  70  70  53  48  50  60  71  88  95  127  113  82  54  77  102  81  61  84  95  54  62  64  66  66  65  64  65  71  77  81  78  71  74  69  77  73  71  64  13  0  0  0  0  0  0  0  0  0  0  0  0  0  0  0  0  0  0  0  0  0  0  0  0  0  0 
0  0  0  0  0  0  0  0  0  0  0  95  110  99  87  82  81  82  90  105  102  83  0  0  0  0  0  0  0  0  0  0  72  123  62  59  69  56  59  74  60  52  44  84  107  114  88  77  101  86  70  63  73  73  75  73  74  71  59  57  49  49  41  65  70  52  44  65  71  79  81  79  93  88  62  63  64  71  51  52  65  62  85  78  62  77  68  76  63  56  40  42  32  39  65  63  82  76  82  82  72  71  84  73  84  80  68  63  57  53  72  100  80  97  101  91  75  47  55  66  59  60  78  94  77  73  94  92  97  117  108  75  78  52  49  41  50  82  87  109  125  114  91  73  77  80  82  55  83  87  57  69  78  74  69  68  69  70  74  81  90  83  76  79  72  69  76  49  36  0  0  0  0  0  0  0  0  0  0  0  0  0  0  0  0  0  0  0  0  0  0  0  0  0  0  0 
0  0  0  0  0  0  0  0  0  0  0  0  103  112  102  99  98  97  98  102  106  108  92  0  0  0  0  0  0  0  0  0  74  88  73  49  53  65  56  57  59  47  49  75  121  113  91  90  93  61  52  54  84  67  77  69  77  74  59  62  59  54  52  55  71  55  47  78  69  74  67  64  89  104  62  65  62  65  59  67  55  70  84  73  76  75  70  82  61  55  47  34  37  43  70  71  79  93  81  76  76  90  82  77  74  76  66  66  52  73  83  89  101  97  99  89  80  56  54  63  71  67  66  100  70  89  81  93  98  117  117  86  74  70  39  54  39  81  82  105  125  109  96  80  71  95  103  55  78  105  46  63  75  82  81  77  66  62  64  67  74  81  85  77  76  68  68  54  0  0  0  0  0  0  0  0  0  0  0  0  0  0  0  0  0  0  0  0  0  0  0  0  0  0  0  0 
0  0  0  0  0  0  0  0  0  0  0  0  0  111  109  110  114  110  113  110  115  110  111  103  0  0  0  0  0  0  0  0  107  94  77  45  49  52  68  35  54  45  59  102  130  102  89  98  81  56  38  59  68  58  76  63  64  55  62  59  49  50  59  68  75  59  62  75  76  73  56  64  88  79  51  42  65  66  52  66  80  85  91  80  70  71  69  66  68  58  41  52  43  53  66  72  73  78  83  72  73  76  77  81  71  62  55  64  49  66  75  97  96  100  88  84  81  60  44  58  76  73  73  91  90  84  86  80  106  125  121  103  80  69  54  55  62  83  74  106  126  97  91  80  64  75  106  55  63  102  53  63  69  70  65  66  72  65  64  78  87  93  89  80  79  81  37  0  0  0  0  0  0  0  0  0  0  0  0  0  0  0  0  0  0  0  0  0  0  0  0  0  0  0  0  0 
0  0  0  0  0  0  0  0  0  0  0  0  0  0  102  112  101  89  90  98  92  91  95  111  108  0  0  0  0  0  0  0  114  70  72  53  61  40  58  42  41  40  73  102  118  112  89  89  73  47  50  59  51  80  74  63  56  50  58  72  62  67  69  67  73  68  74  87  81  76  59  64  80  71  59  56  66  53  54  65  82  78  75  70  60  66  43  48  49  53  46  62  46  43  55  74  75  80  78  79  79  76  77  76  80  46  49  42  36  51  71  90  100  82  72  85  66  43  48  48  96  87  98  93  108  94  100  81  97  126  121  94  96  74  52  49  55  84  86  99  125  94  74  82  83  85  106  58  55  94  69  64  71  77  82  79  76  70  72  80  91  93  76  71  76  57  28  0  0  0  0  0  0  0  0  0  0  0  0  0  0  0  0  0  0  0  0  0  0  0  0  0  0  0  0  0 
0  0  0  0  0  0  0  0  0  0  0  0  0  0  0  90  97  100  108  102  105  100  101  102  101  99  87  0  0  0  0  0  102  88  70  53  61  66  47  41  40  41  61  88  117  95  70  88  56  44  49  58  69  74  63  51  66  65  65  78  61  60  87  67  75  75  80  81  62  66  94  76  96  84  57  66  78  66  53  62  86  81  86  83  73  74  55  56  53  45  50  49  53  47  61  76  77  86  96  93  75  78  87  77  82  51  47  47  40  44  61  94  99  72  72  72  53  48  46  52  94  110  101  79  87  99  104  88  100  125  125  101  92  92  54  44  54  87  72  95  112  87  86  89  74  89  114  65  63  72  74  82  84  84  84  86  87  87  81  73  87  60  67  72  71  34  0  0  0  0  0  0  0  0  0  0  0  0  0  0  0  0  0  0  0  0  0  0  0  0  0  0  0  0  0  0 
0  0  0  0  0  0  0  0  0  0  0  0  0  0  0  0  12  91  98  100  97  100  100  99  99  98  98  96  77  0  0  0  97  89  54  46  63  60  51  44  48  61  71  80  112  95  78  90  91  58  60  67  66  74  67  69  71  62  53  83  56  63  80  79  77  83  88  94  87  83  85  85  85  85  55  68  92  60  56  54  67  88  89  83  78  76  72  67  60  44  35  61  50  51  84  85  76  75  88  84  81  75  76  78  76  61  58  40  51  56  63  103  89  79  63  74  72  55  37  45  71  101  108  74  74  96  98  92  98  119  124  92  90  76  57  52  53  86  87  84  116  82  100  90  71  88  126  72  66  62  74  76  77  80  92  99  85  92  78  78  63  62  74  55  40  0  0  0  0  0  0  0  0  0  0  0  0  0  0  0  0  0  0  0  0  0  0  0  0  0  0  0  0  0  0  0 
0  0  0  0  0  0  0  0  0  0  0  0  0  0  0  0  0  0  108  103  96  97  96  100  96  100  97  100  103  108  0  0  104  73  59  38  65  57  50  44  44  62  65  89  107  96  85  82  78  53  48  58  58  65  68  70  75  67  63  78  68  61  77  62  70  76  79  92  87  77  97  112  99  86  56  50  77  64  67  66  75  88  83  77  76  77  83  57  45  50  65  64  51  55  65  94  85  85  97  89  84  90  77  74  66  73  76  61  39  57  72  95  75  79  72  79  72  44  45  40  77  97  116  76  87  80  90  112  111  124  125  102  81  64  53  49  51  84  85  84  119  113  90  96  77  87  106  74  60  63  64  84  92  99  97  85  78  67  73  67  66  56  55  41  11  0  0  0  0  0  0  0  0  0  0  0  0  0  0  0  0  0  0  0  0  0  0  0  0  0  0  0  0  0  0  0 
0  0  0  0  0  0  0  0  0  0  0  0  0  0  0  0  0  0  0  119  93  85  87  85  85  86  84  88  83  86  92  120  114  79  69  48  58  55  44  36  47  71  81  83  102  93  87  78  69  52  50  53  69  56  67  78  67  73  70  70  51  58  80  57  84  87  92  107  93  88  95  109  109  89  71  48  55  52  57  63  82  92  105  84  77  76  80  77  63  53  57  69  76  74  74  95  92  95  88  85  74  84  85  72  66  86  80  64  44  41  54  82  85  81  87  79  67  47  49  64  62  94  103  98  78  84  94  103  109  124  114  96  68  67  60  53  50  78  66  78  126  104  94  106  101  86  92  73  67  56  79  85  93  98  89  76  72  64  70  59  65  61  34  0  0  0  0  0  0  0  0  0  0  0  0  0  0  0  0  0  0  0  0  0  0  0  0  0  0  0  0  0  0  0  0  0 
0  0  0  0  0  0  0  0  0  0  0  0  0  0  0  0  0  0  0  0  0  99  84  86  94  98  106  100  99  101  92  87  95  71  79  54  73  64  55  38  54  87  96  83  98  96  91  68  66  59  60  49  55  69  67  69  72  66  65  83  60  64  94  65  77  95  87  98  86  92  91  104  110  80  62  47  49  60  74  73  76  85  92  93  66  72  89  76  43  62  65  77  77  81  86  95  93  95  94  89  92  88  87  89  73  73  59  58  57  43  54  64  70  58  81  80  72  50  47  60  73  91  107  96  90  95  95  119  113  122  116  90  74  77  55  64  60  73  86  92  100  113  99  97  80  88  107  69  80  47  81  79  73  73  68  58  58  66  59  69  75  15  0  0  0  0  0  0  0  0  0  0  0  0  0  0  0  0  0  0  0  0  0  0  0  0  0  0  0  0  0  0  0  0  0  0 
0  0  0  0  0  0  0  0  0  0  0  0  0  0  0  0  0  0  0  0  0  0  98  97  90  93  91  90  98  92  92  92  71  74  85  53  78  59  60  41  62  89  81  92  93  96  95  82  60  53  47  52  58  77  61  68  70  75  68  64  58  76  102  67  86  102  97  79  84  86  100  104  109  77  59  43  55  51  65  78  94  83  81  84  69  75  88  70  57  57  74  73  73  71  85  86  92  92  95  89  87  89  79  80  60  69  56  42  46  59  63  68  42  46  83  90  77  45  45  62  64  91  102  90  111  101  109  124  123  114  110  90  62  82  73  71  73  76  76  85  88  113  99  112  68  96  94  94  67  68  66  92  100  79  69  67  75  76  77  53  0  0  0  0  0  0  0  0  0  0  0  0  0  0  0  0  0  0  0  0  0  0  0  0  0  0  0  0  0  0  0  0  0  0  0  0 
0  0  0  0  0  0  0  0  0  0  0  0  0  0  0  0  0  0  0  0  0  0  0  0  121  87  84  95  95  90  90  86  89  75  75  57  70  77  50  55  68  81  77  81  84  88  97  72  63  59  75  70  50  71  61  70  80  77  62  52  52  67  88  79  79  104  94  85  99  103  97  95  115  91  51  48  68  56  60  67  77  87  93  93  82  85  78  73  68  61  74  85  91  78  77  95  104  99  91  97  90  87  83  78  73  55  51  42  43  49  61  58  63  58  75  90  68  40  54  68  83  93  103  89  91  95  114  128  127  106  99  79  67  65  72  68  88  73  76  83  101  122  101  114  54  82  88  87  54  71  71  86  69  76  77  72  67  62  33  0  0  0  0  0  0  0  0  0  0  0  0  0  0  0  0  0  0  0  0  0  0  0  0  0  0  0  0  0  0  0  0  0  0  0  0  0 
0  0  0  0  0  0  0  0  0  0  0  0  0  0  0  0  0  0  0  0  0  0  0  0  0  2  104  89  77  97  88  86  83  82  67  57  71  81  50  40  74  71  76  68  84  84  70  54  52  59  67  74  64  67  65  75  83  88  56  49  42  74  67  69  84  87  91  81  84  88  90  92  106  81  51  52  54  67  61  56  67  80  92  98  94  82  91  73  87  82  83  81  84  73  68  88  91  92  87  91  79  84  81  85  70  60  44  46  48  49  68  65  64  53  65  75  70  51  56  76  81  94  104  89  112  111  121  128  121  117  102  85  74  72  80  63  69  78  76  89  95  126  102  105  74  78  77  78  47  68  61  93  80  77  54  43  48  6  0  0  0  0  0  0  0  0  0  0  0  0  0  0  0  0  0  0  0  0  0  0  0  0  0  0  0  0  0  0  0  0  0  0  0  0  0  0 
0  0  0  0  0  0  0  0  0  0  0  0  0  0  0  0  0  0  0  0  0  0  0  0  0  0  0  77  95  97  90  85  81  82  96  71  72  73  49  36  67  69  78  60  83  99  76  50  50  62  62  77  65  53  54  72  80  87  65  49  60  66  68  71  77  97  87  86  94  83  88  106  102  84  55  44  54  61  53  47  43  71  84  102  98  93  98  76  87  87  84  74  66  72  80  87  96  85  84  94  85  88  85  81  84  55  54  37  60  54  65  58  62  55  74  78  72  58  52  67  111  105  112  92  102  114  120  120  127  110  95  79  67  68  73  63  80  73  74  98  110  119  106  98  64  71  84  80  50  78  67  69  63  51  27  13  0  0  0  0  0  0  0  0  0  0  0  0  0  0  0  0  0  0  0  0  0  0  0  0  0  0  0  0  0  0  0  0  0  0  0  0  0  0  0  0 
0  0  0  0  0  0  0  0  0  0  0  0  0  0  0  0  0  0  0  0  0  0  0  0  0  0  0  0  0  66  93  87  83  71  108  68  58  78  53  59  67  66  65  60  78  84  64  66  45  48  63  58  69  58  59  55  67  73  66  69  70  83  69  74  63  73  72  86  86  88  94  93  90  80  83  67  74  63  52  55  47  60  80  104  108  103  90  79  59  77  79  78  72  72  85  92  100  93  72  83  83  72  76  69  87  77  56  52  59  68  66  55  53  58  74  78  54  49  38  69  91  100  93  86  103  105  121  125  116  104  70  77  64  58  69  82  78  81  84  104  105  114  107  87  72  82  85  84  40  81  58  23  7  0  0  0  0  0  0  0  0  0  0  0  0  0  0  0  0  0  0  0  0  0  0  0  0  0  0  0  0  0  0  0  0  0  0  0  0  0  0  0  0  0  0  0 
0  0  0  0  0  0  0  0  0  0  0  0  0  0  0  0  0  0  0  0  0  0  0  0  0  0  0  0  0  0  0  62  93  106  95  84  71  78  46  44  60  70  74  64  82  75  77  74  52  62  65  70  68  70  83  60  67  55  62  56  68  65  79  87  75  62  85  80  92  77  88  103  98  98  86  78  66  66  59  58  46  39  84  108  111  114  100  71  68  80  82  83  72  79  100  89  95  91  89  95  87  95  93  82  88  95  55  55  75  74  58  62  49  68  77  79  70  47  52  73  109  105  104  70  98  108  126  119  127  100  86  69  51  55  80  82  69  85  101  120  111  108  85  106  70  80  76  60  73  60  24  0  0  0  0  0  0  0  0  0  0  0  0  0  0  0  0  0  0  0  0  0  0  0  0  0  0  0  0  0  0  0  0  0  0  0  0  0  0  0  0  0  0  0  0  0 
0  0  0  0  0  0  0  0  0  0  0  0  0  0  0  0  0  0  0  0  0  0  0  0  0  0  0  0  0  0  0  0  0  57  81  86  70  61  70  42  40  62  58  73  73  79  84  65  58  59  61  65  53  70  87  71  55  72  56  58  61  79  84  98  78  63  68  77  83  65  95  110  108  97  80  82  72  67  66  74  50  46  74  94  97  109  93  89  76  79  61  67  78  81  97  106  100  86  77  93  90  90  89  76  87  94  56  41  64  71  69  72  47  69  81  90  72  55  65  84  100  110  78  80  98  113  125  113  121  91  94  65  78  70  82  75  69  94  127  116  100  101  82  97  92  101  71  52  71  44  0  0  0  0  0  0  0  0  0  0  0  0  0  0  0  0  0  0  0  0  0  0  0  0  0  0  0  0  0  0  0  0  0  0  0  0  0  0  0  0  0  0  0  0  0  0 
0  0  0  0  0  0  0  0  0  0  0  0  0  0  0  0  0  0  0  0  0  0  0  0  0  0  0  0  0  0  0  0  0  0  44  89  88  72  71  49  48  61  61  69  66  72  94  78  57  66  52  57  57  67  77  87  48  58  65  50  60  79  87  85  80  85  84  66  85  73  94  112  111  92  87  83  79  63  77  69  48  52  64  90  109  102  110  105  77  72  72  79  86  83  88  96  99  97  92  95  92  94  84  76  88  84  57  47  56  70  66  80  49  72  81  78  50  45  78  80  118  89  77  79  96  116  119  119  119  95  69  76  85  66  64  58  79  104  128  119  109  91  90  86  93  102  80  63  69  27  0  0  0  0  0  0  0  0  0  0  0  0  0  0  0  0  0  0  0  0  0  0  0  0  0  0  0  0  0  0  0  0  0  0  0  0  0  0  0  0  0  0  0  0  0  0 
0  0  0  0  0  0  0  0  0  0  0  0  0  0  0  0  0  0  0  0  0  0  0  0  0  0  0  0  0  0  0  0  0  0  0  63  86  71  62  47  47  54  59  66  61  59  73  78  75  65  46  47  48  60  83  84  77  57  57  57  48  70  87  82  68  95  89  76  75  83  81  105  107  97  104  84  86  56  59  73  47  62  76  74  99  94  104  122  94  66  71  88  77  89  88  98  101  107  110  97  92  96  108  91  96  79  56  54  58  56  63  60  58  80  86  90  59  57  63  90  111  83  72  80  88  103  108  113  93  86  66  72  89  76  58  69  73  102  128  91  115  83  98  91  111  84  75  67  48  0  0  0  0  0  0  0  0  0  0  0  0  0  0  0  0  0  0  0  0  0  0  0  0  0  0  0  0  0  0  0  0  0  0  0  0  0  0  0  0  0  0  0  0  0  0  0 
0  0  0  0  0  0  0  0  0  0  0  0  0  0  0  0  0  0  0  0  0  0  0  0  0  0  0  0  0  0  0  0  0  0  0  0  75  81  66  60  60  51  42  66  56  58  75  82  87  70  46  51  55  68  73  70  64  60  50  55  63  67  70  76  63  90  92  80  83  87  80  74  94  91  92  86  85  65  68  76  76  76  68  71  68  91  84  104  92  81  91  91  74  81  85  93  94  100  109  92  93  97  102  110  110  95  60  41  44  60  58  47  67  92  96  92  65  86  63  101  94  77  51  83  95  111  119  93  78  85  70  74  73  62  66  78  77  106  101  99  110  74  91  111  82  74  63  42  0  0  0  0  0  0  0  0  0  0  0  0  0  0  0  0  0  0  0  0  0  0  0  0  0  0  0  0  0  0  0  0  0  0  0  0  0  0  0  0  0  0  0  0  0  0  0  0 
0  0  0  0  0  0  0  0  0  0  0  0  0  0  0  0  0  0  0  0  0  0  0  0  0  0  0  0  0  0  0  0  0  0  0  0  31  62  69  68  64  49  41  83  80  58  67  71  74  80  44  40  59  71  78  62  64  73  38  53  58  72  66  64  73  69  81  80  81  83  78  78  77  89  78  82  91  73  61  61  80  70  77  70  71  82  85  97  73  72  94  89  77  76  79  84  93  93  109  84  88  98  99  97  98  106  83  47  55  65  55  49  62  81  90  82  75  72  78  87  88  78  54  89  97  117  108  107  95  78  85  93  70  68  86  74  76  111  102  119  81  86  118  100  80  66  44  20  0  0  0  0  0  0  0  0  0  0  0  0  0  0  0  0  0  0  0  0  0  0  0  0  0  0  0  0  0  0  0  0  0  0  0  0  0  0  0  0  0  0  0  0  0  0  0  0 
0  0  0  0  0  0  0  0  0  0  0  0  0  0  0  0  0  0  0  0  0  0  0  0  0  0  0  0  0  0  0  0  0  0  0  0  0  53  56  77  90  63  32  49  99  60  60  61  63  69  56  41  40  74  71  75  67  51  50  42  53  63  59  65  80  72  74  91  86  99  94  87  84  87  79  100  98  75  65  65  77  63  68  54  59  74  85  105  76  79  86  65  71  71  76  99  101  95  83  98  99  89  99  105  101  97  70  57  52  58  52  52  59  88  92  83  69  80  97  73  78  68  70  84  112  125  115  105  103  84  94  81  77  77  92  70  101  117  103  103  77  103  109  80  58  54  34  0  0  0  0  0  0  0  0  0  0  0  0  0  0  0  0  0  0  0  0  0  0  0  0  0  0  0  0  0  0  0  0  0  0  0  0  0  0  0  0  0  0  0  0  0  0  0  0  0 
0  0  0  0  0  0  0  0  0  0  0  0  0  0  0  0  0  0  0  0  0  0  0  0  0  0  0  0  0  0  0  0  0  0  0  0  0  0  78  63  86  81  47  35  58  91  59  45  53  72  67  52  41  39  67  74  67  61  68  44  37  57  59  65  74  71  75  92  91  98  94  98  92  84  78  80  81  68  67  71  75  42  71  73  61  81  95  93  94  84  74  55  67  72  83  105  88  94  92  96  94  97  99  102  95  77  48  51  54  55  61  48  66  88  83  78  70  75  75  97  74  75  74  107  118  120  108  96  93  76  102  79  101  112  64  97  114  104  105  71  94  98  93  47  53  41  0  0  0  0  0  0  0  0  0  0  0  0  0  0  0  0  0  0  0  0  0  0  0  0  0  0  0  0  0  0  0  0  0  0  0  0  0  0  0  0  0  0  0  0  0  0  0  0  0  0 
0  0  0  0  0  0  0  0  0  0  0  0  0  0  0  0  0  0  0  0  0  0  0  0  0  0  0  0  0  0  0  0  0  0  0  0  0  0  0  74  60  90  95  68  44  73  83  67  50  64  60  58  48  46  48  62  80  78  60  75  46  45  65  56  86  100  79  93  92  93  81  93  92  77  89  79  73  63  81  84  59  48  52  61  58  90  102  83  100  77  64  58  64  64  66  90  104  109  90  88  83  98  109  77  84  60  52  57  68  59  65  57  70  82  92  78  73  75  71  96  79  74  83  101  110  119  112  103  89  88  83  93  97  92  83  120  90  98  83  97  96  81  39  62  32  0  0  0  0  0  0  0  0  0  0  0  0  0  0  0  0  0  0  0  0  0  0  0  0  0  0  0  0  0  0  0  0  0  0  0  0  0  0  0  0  0  0  0  0  0  0  0  0  0  0  0 
0  0  0  0  0  0  0  0  0  0  0  0  0  0  0  0  0  0  0  0  0  0  0  0  0  0  0  0  0  0  0  0  0  0  0  0  0  0  0  0  75  57  90  94  53  54  91  87  67  50  51  52  44  61  58  59  64  91  64  65  66  46  47  45  67  95  90  93  86  88  90  78  86  79  77  75  69  67  82  83  81  55  48  55  69  72  99  104  91  71  58  76  63  61  72  90  84  85  84  95  73  85  100  88  67  62  47  61  61  62  70  73  84  83  85  76  78  65  79  67  77  72  84  92  110  122  112  86  92  82  100  106  104  96  102  78  87  80  95  91  98  50  59  28  0  0  0  0  0  0  0  0  0  0  0  0  0  0  0  0  0  0  0  0  0  0  0  0  0  0  0  0  0  0  0  0  0  0  0  0  0  0  0  0  0  0  0  0  0  0  0  0  0  0  0  0 
0  0  0  0  0  0  0  0  0  0  0  0  0  0  0  0  0  0  0  0  0  0  0  0  0  0  0  0  0  0  0  0  0  0  0  0  0  0  0  0  0  55  63  85  93  54  59  86  100  74  38  46  46  46  57  52  57  58  73  63  73  72  45  34  45  62  82  80  94  82  100  93  86  102  90  79  86  76  92  95  72  53  55  42  67  85  108  109  106  74  53  74  66  68  81  91  79  93  93  83  79  91  83  82  78  66  62  61  51  58  64  77  92  105  88  86  81  82  85  83  79  85  100  101  111  104  104  99  83  89  87  104  92  85  89  92  67  93  108  89  54  61  34  0  0  0  0  0  0  0  0  0  0  0  0  0  0  0  0  0  0  0  0  0  0  0  0  0  0  0  0  0  0  0  0  0  0  0  0  0  0  0  0  0  0  0  0  0  0  0  0  0  0  0  0  0 
0  0  0  0  0  0  0  0  0  0  0  0  0  0  0  0  0  0  0  0  0  0  0  0  0  0  0  0  0  0  0  0  0  0  0  0  0  0  0  0  0  0  28  54  84  81  50  48  90  113  73  34  36  38  37  61  52  62  57  71  75  64  64  39  45  62  75  77  87  84  86  94  94  95  101  89  82  80  90  88  91  47  46  48  67  92  108  119  94  70  70  74  72  52  70  92  85  86  81  83  85  75  84  94  83  70  62  76  52  56  63  91  57  97  90  101  84  78  72  68  81  97  117  127  104  101  113  84  78  100  104  80  91  87  94  83  80  107  81  58  53  24  0  0  0  0  0  0  0  0  0  0  0  0  0  0  0  0  0  0  0  0  0  0  0  0  0  0  0  0  0  0  0  0  0  0  0  0  0  0  0  0  0  0  0  0  0  0  0  0  0  0  0  0  0  0 
0  0  0  0  0  0  0  0  0  0  0  0  0  0  0  0  0  0  0  0  0  0  0  0  0  0  0  0  0  0  0  0  0  0  0  0  0  0  0  0  0  0  0  0  55  74  81  45  45  84  99  70  46  35  41  44  69  46  76  74  94  70  53  60  31  55  51  88  94  85  90  67  85  77  99  116  101  82  81  85  86  64  46  44  58  88  117  118  86  71  75  64  71  58  80  83  83  79  87  77  81  91  84  114  87  73  76  63  50  63  63  85  86  103  94  120  99  92  65  76  105  124  130  103  98  122  90  79  94  100  69  106  81  84  84  88  97  74  58  50  0  0  0  0  0  0  0  0  0  0  0  0  0  0  0  0  0  0  0  0  0  0  0  0  0  0  0  0  0  0  0  0  0  0  0  0  0  0  0  0  0  0  0  0  0  0  0  0  0  0  0  0  0  0  0  0 
0  0  0  0  0  0  0  0  0  0  0  0  0  0  0  0  0  0  0  0  0  0  0  0  0  0  0  0  0  0  0  0  0  0  0  0  0  0  0  0  0  0  0  0  0  47  70  101  47  47  77  98  71  40  43  37  29  69  48  73  73  88  77  58  50  41  41  71  82  89  80  82  69  86  92  108  95  89  82  89  86  79  54  46  57  71  119  116  109  76  72  57  69  63  95  90  82  74  82  82  77  99  80  108  113  88  94  58  59  69  61  72  87  102  103  114  98  84  83  108  105  114  121  106  110  124  92  94  103  83  103  77  85  92  95  101  75  64  61  0  0  0  0  0  0  0  0  0  0  0  0  0  0  0  0  0  0  0  0  0  0  0  0  0  0  0  0  0  0  0  0  0  0  0  0  0  0  0  0  0  0  0  0  0  0  0  0  0  0  0  0  0  0  0  0  0 
0  0  0  0  0  0  0  0  0  0  0  0  0  0  0  0  0  0  0  0  0  0  0  0  0  0  0  0  0  0  0  0  0  0  0  0  0  0  0  0  0  0  0  0  0  0  54  68  87  53  40  89  95  69  48  55  40  37  47  63  72  87  92  76  61  37  55  41  61  72  95  61  74  71  86  99  105  105  82  77  84  80  68  38  45  74  96  115  109  79  42  50  51  71  91  79  82  83  87  85  76  91  94  94  101  115  84  74  71  67  80  78  86  94  115  115  80  99  99  98  117  112  113  106  119  108  94  118  92  109  91  80  105  102  99  91  68  67  0  0  0  0  0  0  0  0  0  0  0  0  0  0  0  0  0  0  0  0  0  0  0  0  0  0  0  0  0  0  0  0  0  0  0  0  0  0  0  0  0  0  0  0  0  0  0  0  0  0  0  0  0  0  0  0  0  0 
0  0  0  0  0  0  0  0  0  0  0  0  0  0  0  0  0  0  0  0  0  0  0  0  0  0  0  0  0  0  0  0  0  0  0  0  0  0  0  0  0  0  0  0  0  0  0  67  84  86  62  43  107  93  69  46  73  38  39  50  68  75  80  91  101  42  41  47  38  74  75  65  69  74  63  83  98  92  87  84  60  85  67  49  47  51  87  103  107  79  52  48  75  75  84  89  97  92  98  75  71  89  93  81  102  109  90  59  70  73  84  81  94  101  111  117  93  106  95  114  129  122  110  113  115  101  106  92  97  97  84  95  106  113  97  65  75  0  0  0  0  0  0  0  0  0  0  0  0  0  0  0  0  0  0  0  0  0  0  0  0  0  0  0  0  0  0  0  0  0  0  0  0  0  0  0  0  0  0  0  0  0  0  0  0  0  0  0  0  0  0  0  0  0  0  0 
0  0  0  0  0  0  0  0  0  0  0  0  0  0  0  0  0  0  0  0  0  0  0  0  0  0  0  0  0  0  0  0  0  0  0  0  0  0  0  0  0  0  0  0  0  0  0  95  56  92  93  50  58  96  84  58  76  44  44  34  70  66  79  75  102  90  49  32  46  48  79  69  62  71  65  94  82  100  82  89  76  65  64  49  47  50  74  89  118  87  75  55  70  75  80  88  94  92  92  79  76  82  85  78  90  108  87  61  69  81  73  82  90  96  103  93  105  109  111  113  123  106  103  117  118  104  84  101  102  103  91  77  123  88  82  71  30  0  0  0  0  0  0  0  0  0  0  0  0  0  0  0  0  0  0  0  0  0  0  0  0  0  0  0  0  0  0  0  0  0  0  0  0  0  0  0  0  0  0  0  0  0  0  0  0  0  0  0  0  0  0  0  0  0  0  0 
0  0  0  0  0  0  0  0  0  0  0  0  0  0  0  0  0  0  0  0  0  0  0  0  0  0  0  0  0  0  0  0  0  0  0  0  0  0  0  0  0  0  0  0  0  0  0  0  62  70  99  55  37  101  84  65  62  47  37  46  59  78  71  85  97  94  56  52  48  44  92  68  45  66  58  90  106  113  104  88  74  62  56  66  61  54  79  84  105  93  70  62  68  80  84  92  98  96  89  84  89  85  88  97  82  108  82  71  81  95  67  88  103  103  121  98  110  99  125  117  124  99  108  102  109  102  94  99  93  112  87  96  108  79  43  56  0  0  0  0  0  0  0  0  0  0  0  0  0  0  0  0  0  0  0  0  0  0  0  0  0  0  0  0  0  0  0  0  0  0  0  0  0  0  0  0  0  0  0  0  0  0  0  0  0  0  0  0  0  0  0  0  0  0  0  0 
0  0  0  0  0  0  0  0  0  0  0  0  0  0  0  0  0  0  0  0  0  0  0  0  0  0  0  0  0  0  0  0  0  0  0  0  0  0  0  0  0  0  0  0  0  0  0  0  0  0  23  35  59  44  54  74  59  56  59  43  47  62  69  74  84  97  78  55  50  53  65  91  62  59  57  70  109  107  99  106  74  48  52  69  71  67  80  79  91  89  72  61  54  79  69  90  97  101  88  86  86  90  97  94  91  95  92  76  90  81  63  85  114  101  102  92  96  116  106  127  93  116  106  98  106  85  105  56  73  65  73  56  26  14  0  0  0  0  0  0  0  0  0  0  0  0  0  0  0  0  0  0  0  0  0  0  0  0  0  0  0  0  0  0  0  0  0  0  0  0  0  0  0  0  0  0  0  0  0  0  0  0  0  0  0  0  0  0  0  0  0  0  0  0  0  0 
0  0  0  0  0  0  0  0  0  0  0  0  0  0  0  0  0  0  0  0  0  0  0  0  0  0  0  0  0  0  0  0  0  0  0  0  0  0  0  0  0  0  0  0  0  0  0  0  0  0  0  0  0  0  0  0  0  16  22  27  33  36  29  33  46  48  58  82  79  43  40  40  51  81  45  61  63  88  88  103  94  78  48  60  85  81  78  85  82  95  75  70  51  67  72  79  94  103  95  85  82  73  92  82  87  105  117  96  89  46  71  114  93  89  85  78  69  82  84  76  61  65  52  45  32  24  18  0  0  0  0  0  0  0  0  0  0  0  0  0  0  0  0  0  0  0  0  0  0  0  0  0  0  0  0  0  0  0  0  0  0  0  0  0  0  0  0  0  0  0  0  0  0  0  0  0  0  0  0  0  0  0  0  0  0  0  0  0  0  0  0  0  0  0  0  0 
0  0  0  0  0  0  0  0  0  0  0  0  0  0  0  0  0  0  0  0  0  0  0  0  0  0  0  0  0  0  0  0  0  0  0  0  0  0  0  0  0  0  0  0  0  0  0  0  0  0  0  0  0  0  0  0  0  0  0  0  0  0  0  0  0  0  0  0  0  0  0  0  0  0  3  9  13  10  3  10  10  14  24  21  32  18  14  21  21  21  25  32  25  21  18  21  29  25  22  18  18  22  22  25  22  17  10  21  14  10  0  0  0  0  0  0  0  0  0  0  0  0  0  0  0  0  0  0  0  0  0  0  0  0  0  0  0  0  0  0  0  0  0  0  0  0  0  0  0  0  0  0  0  0  0  0  0  0  0  0  0  0  0  0  0  0  0  0  0  0  0  0  0  0  0  0  0  0  0  0  0  0  0  0  0  0  0  0  0  0  0  0  0  0  0  0 
0  0  0  0  0  0  0  0  0  0  0  0  0  0  0  0  0  0  0  0  0  0  0  0  0  0  0  0  0  0  0  0  0  0  0  0  0  0  0  0  0  0  0  0  0  0  0  0  0  0  0  0  0  0  0  0  0  0  0  0  0  0  0  0  0  0  0  0  0  0  0  0  0  0  0  0  0  0  0  0  0  0  0  0  0  0  0  0  0  0  0  0  0  0  0  0  0  0  0  0  0  0  0  0  0  0  0  0  0  0  0  0  0  0  0  0  0  0  0  0  0  0  0  0  0  0  0  0  0  0  0  0  0  0  0  0  0  0  0  0  0  0  0  0  0  0  0  0  0  0  0  0  0  0  0  0  0  0  0  0  0  0  0  0  0  0  0  0  0  0  0  0  0  0  0  0  0  0  0  0  0  0  0  0  0  0  0  0  0  0  0  0  0  0  0  0 
0  0  0  0  0  0  0  0  0  0  0  0  0  0  0  0  0  0  0  0  0  0  0  0  0  0  0  0  0  0  0  0  0  0  0  0  0  0  0  0  0  0  0  0  0  0  0  0  0  0  0  0  0  0  0  0  0  0  0  0  0  0  0  0  0  0  0  0  0  0  0  0  0  0  0  0  0  0  0  0  0  0  0  0  0  0  0  0  0  0  0  0  0  0  0  0  0  0  0  0  0  0  0  0  0  0  0  0  0  0  0  0  0  0  0  0  0  0  0  0  0  0  0  0  0  0  0  0  0  0  0  0  0  0  0  0  0  0  0  0  0  0  0  0  0  0  0  0  0  0  0  0  0  0  0  0  0  0  0  0  0  0  0  0  0  0  0  0  0  0  0  0  0  0  0  0  0  0  0  0  0  0  0  0  0  0  0  0  0  0  0  0  0  0  0  0 
0  0  0  0  0  0  0  0  0  0  0  0  0  0  0  0  0  0  0  0  0  0  0  0  0  0  0  0  0  0  0  0  0  0  0  0  0  0  0  0  0  0  0  0  0  0  0  0  0  0  0  0  0  0  0  0  0  0  0  0  0  0  0  0  0  0  0  0  0  0  0  0  0  0  0  0  0  0  0  0  0  0  0  0  0  0  0  0  0  0  0  0  0  0  0  0  0  0  0  0  0  0  0  0  0  0  0  0  0  0  0  0  0  0  0  0  0  0  0  0  0  0  0  0  0  0  0  0  0  0  0  0  0  0  0  0  0  0  0  0  0  0  0  0  0  0  0  0  0  0  0  0  0  0  0  0  0  0  0  0  0  0  0  0  0  0  0  0  0  0  0  0  0  0  0  0  0  0  0  0  0  0  0  0  0  0  0  0  0  0  0  0  0  0  0  0 
0  0  0  0  0  0  0  0  0  0  0  0  0  0  0  0  0  0  0  0  0  0  0  0  0  0  0  0  0  0  0  0  0  0  0  0  0  0  0  0  0  0  0  0  0  0  0  0  0  0  0  0  0  0  0  0  0  0  0  0  0  0  0  0  0  0  0  0  0  0  0  0  0  0  0  0  0  0  0  0  0  0  0  0  0  0  0  0  0  0  0  0  0  0  0  0  0  0  0  0  0  0  0  0  0  0  0  0  0  0  0  0  0  0  0  0  0  0  0  0  0  0  0  0  0  0  0  0  0  0  0  0  0  0  0  0  0  0  0  0  0  0  0  0  0  0  0  0  0  0  0  0  0  0  0  0  0  0  0  0  0  0  0  0  0  0  0  0  0  0  0  0  0  0  0  0  0  0  0  0  0  0  0  0  0  0  0  0  0  0  0  0  0  0  0  0 
0  0  0  0  0  0  0  0  0  0  0  0  0  0  0  0  0  0  0  0  0  0  0  0  0  0  0  0  0  0  0  0  0  0  0  0  0  0  0  0  0  0  0  0  0  0  0  0  0  0  0  0  0  0  0  0  0  0  0  0  0  0  0  0  0  0  0  0  0  0  0  0  0  0  0  0  0  0  0  0  0  0  0  0  0  0  0  0  0  0  0  0  0  0  0  0  0  0  0  0  0  0  0  0  0  0  0  0  0  0  0  0  0  0  0  0  0  0  0  0  0  0  0  0  0  0  0  0  0  0  0  0  0  0  0  0  0  0  0  0  0  0  0  0  0  0  0  0  0  0  0  0  0  0  0  0  0  0  0  0  0  0  0  0  0  0  0  0  0  0  0  0  0  0  0  0  0  0  0  0  0  0  0  0  0  0  0  0  0  0  0  0  0  0  0  0 
0  0  0  0  0  0  0  0  0  0  0  0  0  0  0  0  0  0  0  0  0  0  0  0  0  0  0  0  0  0  0  0  0  0  0  0  0  0  0  0  0  0  0  0  0  0  0  0  0  0  0  0  0  0  0  0  0  0  0  0  0  0  0  0  0  0  0  0  0  0  0  0  0  0  0  0  0  0  0  0  0  0  0  0  0  0  0  0  0  0  0  0  0  0  0  0  0  0  0  0  0  0  0  0  0  0  0  0  0  0  0  0  0  0  0  0  0  0  0  0  0  0  0  0  0  0  0  0  0  0  0  0  0  0  0  0  0  0  0  0  0  0  0  0  0  0  0  0  0  0  0  0  0  0  0  0  0  0  0  0  0  0  0  0  0  0  0  0  0  0  0  0  0  0  0  0  0  0  0  0  0  0  0  0  0  0  0  0  0  0  0  0  0  0  0  0 
0  0  0  0  0  0  0  0  0  0  0  0  0  0  0  0  0  0  0  0  0  0  0  0  0  0  0  0  0  0  0  0  0  0  0  0  0  0  0  0  0  0  0  0  0  0  0  0  0  0  0  0  0  0  0  0  0  0  0  0  0  0  0  0  0  0  0  0  0  0  0  0  0  0  0  0  0  0  0  0  0  0  0  0  0  0  0  0  0  0  0  0  0  0  0  0  0  0  0  0  0  0  0  0  0  0  0  0  0  0  0  0  0  0  0  0  0  0  0  0  0  0  0  0  0  0  0  0  0  0  0  0  0  0  0  0  0  0  0  0  0  0  0  0  0  0  0  0  0  0  0  0  0  0  0  0  0  0  0  0  0  0  0  0  0  0  0  0  0  0  0  0  0  0  0  0  0  0  0  0  0  0  0  0  0  0  0  0  0  0  0  0  0  0  0  0 
0  0  0  0  0  0  0  0  0  0  0  0  0  0  0  0  0  0  0  0  0  0  0  0  0  0  0  0  0  0  0  0  0  0  0  0  0  0  0  0  0  0  0  0  0  0  0  0  0  0  0  0  0  0  0  0  0  0  0  0  0  0  0  0  0  0  0  0  0  0  0  0  0  0  0  0  0  0  0  0  0  0  0  0  0  0  0  0  0  0  0  0  0  0  0  0  0  0  0  0  0  0  0  0  0  0  0  0  0  0  0  0  0  0  0  0  0  0  0  0  0  0  0  0  0  0  0  0  0  0  0  0  0  0  0  0  0  0  0  0  0  0  0  0  0  0  0  0  0  0  0  0  0  0  0  0  0  0  0  0  0  0  0  0  0  0  0  0  0  0  0  0  0  0  0  0  0  0  0  0  0  0  0  0  0  0  0  0  0  0  0  0  0  0  0  0 
0  0  0  0  0  0  0  0  0  0  0  0  0  0  0  0  0  0  0  0  0  0  0  0  0  0  0  0  0  0  0  0  0  0  0  0  0  0  0  0  0  0  0  0  0  0  0  0  0  0  0  0  0  0  0  0  0  0  0  0  0  0  0  0  0  0  0  0  0  0  0  0  0  0  0  0  0  0  0  0  0  0  0  0  0  0  0  0  0  0  0  0  0  0  0  0  0  0  0  0  0  0  0  0  0  0  0  0  0  0  0  0  0  0  0  0  0  0  0  0  0  0  0  0  0  0  0  0  0  0  0  0  0  0  0  0  0  0  0  0  0  0  0  0  0  0  0  0  0  0  0  0  0  0  0  0  0  0  0  0  0  0  0  0  0  0  0  0  0  0  0  0  0  0  0  0  0  0  0  0  0  0  0  0  0  0  0  0  0  0  0  0  0  0  0  0 
0  0  0  0  0  0  0  0  0  0  0  0  0  0  0  0  0  0  0  0  0  0  0  0  0  0  0  0  0  0  0  0  0  0  0  0  0  0  0  0  0  0  0  0  0  0  0  0  0  0  0  0  0  0  0  0  0  0  0  0  0  0  0  0  0  0  0  0  0  0  0  0  0  0  0  0  0  0  0  0  0  0  0  0  0  0  0  0  0  0  0  0  0  0  0  0  0  0  0  0  0  0  0  0  0  0  0  0  0  0  0  0  0  0  0  0  0  0  0  0  0  0  0  0  0  0  0  0  0  0  0  0  0  0  0  0  0  0  0  0  0  0  0  0  0  0  0  0  0  0  0  0  0  0  0  0  0  0  0  0  0  0  0  0  0  0  0  0  0  0  0  0  0  0  0  0  0  0  0  0  0  0  0  0  0  0  0  0  0  0  0  0  0  0  0  0 
0  0  0  0  0  0  0  0  0  0  0  0  0  0  0  0  0  0  0  0  0  0  0  0  0  0  0  0  0  0  0  0  0  0  0  0  0  0  0  0  0  0  0  0  0  0  0  0  0  0  0  0  0  0  0  0  0  0  0  0  0  0  0  0  0  0  0  0  0  0  0  0  0  0  0  0  0  0  0  0  0  0  0  0  0  0  0  0  0  0  0  0  0  0  0  0  0  0  0  0  0  0  0  0  0  0  0  0  0  0  0  0  0  0  0  0  0  0  0  0  0  0  0  0  0  0  0  0  0  0  0  0  0  0  0  0  0  0  0  0  0  0  0  0  0  0  0  0  0  0  0  0  0  0  0  0  0  0  0  0  0  0  0  0  0  0  0  0  0  0  0  0  0  0  0  0  0  0  0  0  0  0  0  0  0  0  0  0  0  0  0  0  0  0  0  0 
