(30, 120) Distance: 6.480740547180176
(409, 357) Distance: 6.633249759674072
(243, 199) Distance: 9.05538558959961
(90, 0) Distance: 9.591663360595703
(123, 150) Distance: 11.704699516296387
(258, 36) Distance: 12.0
(328, 109) Distance: 12.288206100463867
(194, 23) Distance: 13.304134368896484
(242, 212) Distance: 13.527749061584473
(314, 215) Distance: 13.82027530670166
(379, 307) Distance: 14.21267032623291
(134, 122) Distance: 14.456831932067871
(194, 126) Distance: 15.55634880065918
(30, 25) Distance: 15.937376976013184
(470, 480) Distance: 16.462078094482422
(460, 434) Distance: 16.552946090698242
(460, 408) Distance: 16.733200073242188
(314, 340) Distance: 16.822603225708008
(314, 309) Distance: 16.911535263061523
(254, 217) Distance: 17.32050895690918
(385, 317) Distance: 17.916473388671875
(385, 208) Distance: 18.0
(326, 294) Distance: 18.027755737304688
(303, 292) Distance: 19.05255889892578
(323, 127) Distance: 19.26136016845703
(179, 50) Distance: 19.974985122680664
(328, 237) Distance: 20.29778289794922
(241, 35) Distance: 20.832666397094727
(147, 115) Distance: 20.952327728271484
(190, 54) Distance: 21.610183715820312
(15, 7) Distance: 21.702533721923828
(162, 133) Distance: 21.931713104248047
(211, 220) Distance: 21.97726058959961
(51, 42) Distance: 22.847318649291992
(241, 19) Distance: 22.89104652404785
(194, 283) Distance: 23.194826126098633
(498, 438) Distance: 23.323806762695312
(242, 136) Distance: 23.452077865600586
(409, 96) Distance: 23.53720474243164
(110, 139) Distance: 23.600847244262695
(55, 256) Distance: 24.14539337158203
(50, 29) Distance: 24.494897842407227
(232, 206) Distance: 25.119712829589844
(318, 223) Distance: 25.27845001220703
(263, 26) Distance: 25.65151023864746
(183, 142) Distance: 26.739484786987305
(118, 148) Distance: 26.944387435913086
(117, 135) Distance: 27.258026123046875
(320, 308) Distance: 27.58622932434082
(405, 279) Distance: 27.622453689575195
(11, 1) Distance: 27.85677719116211
(204, 380) Distance: 27.874719619750977
(219, 48) Distance: 28.160255432128906
(260, 123) Distance: 28.23118782043457
(328, 285) Distance: 28.72281265258789
(219, 111) Distance: 28.827070236206055
(369, 8) Distance: 28.879058837890625
(272, 243) Distance: 29.0
(378, 262) Distance: 29.20616340637207
(384, 221) Distance: 29.291637420654297
(293, 188) Distance: 29.44486427307129
(190, 244) Distance: 29.78254508972168
(496, 498) Distance: 29.816102981567383
(263, 181) Distance: 29.866369247436523
(12, 62) Distance: 29.883106231689453
(132, 437) Distance: 29.89983367919922
(373, 482) Distance: 29.94995880126953
(132, 426) Distance: 29.983327865600586
(28, 330) Distance: 30.21588897705078
(405, 376) Distance: 30.34798240661621
(155, 483) Distance: 30.34798240661621
(250, 210) Distance: 30.545047760009766
(379, 342) Distance: 30.96772575378418
(63, 367) Distance: 31.0
(299, 216) Distance: 31.064449310302734
(297, 310) Distance: 31.208972930908203
(415, 295) Distance: 31.272991180419922
(204, 245) Distance: 31.320919036865234
(255, 322) Distance: 31.416555404663086
(159, 489) Distance: 31.51190185546875
(262, 472) Distance: 31.543621063232422
(137, 331) Distance: 31.559467315673828
(448, 364) Distance: 31.62277603149414
(140, 479) Distance: 31.78049659729004
(416, 117) Distance: 31.811946868896484
(93, 125) Distance: 31.890438079833984
(225, 414) Distance: 31.906112670898438
(245, 43) Distance: 31.93743896484375
(7, 146) Distance: 31.968734741210938
(427, 394) Distance: 31.984371185302734
(486, 397) Distance: 32.04684066772461
(281, 242) Distance: 32.140316009521484
(119, 379) Distance: 32.140316009521484
(323, 52) Distance: 32.233524322509766
(295, 34) Distance: 32.280025482177734
(159, 400) Distance: 32.31098937988281
(156, 168) Distance: 32.341922760009766
(132, 12) Distance: 32.35737991333008
(410, 290) Distance: 32.35737991333008
(94, 157) Distance: 32.46536636352539
